t Fq Fqsim h hest
0.100000 1.000000 1.000000 0.000000 0.000000 
0.200000 1.000000 1.000000 0.000000 0.000000 
0.300000 1.000000 1.000000 0.000000 0.000001 
0.400000 1.000000 1.000000 0.000001 0.000003 
0.500000 1.000000 0.999999 0.000001 0.000006 
0.600000 1.000000 0.999999 0.000003 0.000011 
0.700000 0.999999 0.999997 0.000005 0.000019 
0.800000 0.999999 0.999995 0.000008 0.000030 
0.900000 0.999998 0.999991 0.000013 0.000045 
1.000000 0.999996 0.999985 0.000020 0.000065 
1.100000 0.999994 0.999978 0.000029 0.000090 
1.200000 0.999990 0.999967 0.000042 0.000122 
1.300000 0.999985 0.999953 0.000057 0.000160 
1.400000 0.999978 0.999935 0.000077 0.000207 
1.500000 0.999969 0.999912 0.000102 0.000263 
1.600000 0.999958 0.999882 0.000132 0.000328 
1.700000 0.999943 0.999846 0.000168 0.000405 
1.800000 0.999924 0.999801 0.000211 0.000493 
1.900000 0.999900 0.999747 0.000262 0.000594 
2.000000 0.999871 0.999682 0.000322 0.000709 
2.100000 0.999836 0.999604 0.000391 0.000839 
2.200000 0.999793 0.999513 0.000471 0.000986 
2.300000 0.999741 0.999407 0.000562 0.001149 
2.400000 0.999680 0.999283 0.000667 0.001331 
2.500000 0.999608 0.999140 0.000785 0.001532 
2.600000 0.999523 0.998976 0.000918 0.001755 
2.700000 0.999424 0.998789 0.001068 0.001999 
2.800000 0.999309 0.998576 0.001235 0.002266 
2.900000 0.999176 0.998335 0.001421 0.002558 
3.000000 0.999024 0.998064 0.001628 0.002876 
3.100000 0.998850 0.997760 0.001856 0.003221 
3.200000 0.998652 0.997421 0.002107 0.003594 
3.300000 0.998428 0.997042 0.002383 0.003997 
3.400000 0.998176 0.996623 0.002685 0.004431 
3.500000 0.997891 0.996158 0.003015 0.004897 
3.600000 0.997573 0.995646 0.003375 0.005398 
3.700000 0.997217 0.995082 0.003766 0.005933 
3.800000 0.996821 0.994464 0.004190 0.006506 
3.900000 0.996381 0.993787 0.004649 0.007116 
4.000000 0.995893 0.993048 0.005144 0.007766 
4.100000 0.995355 0.992243 0.005678 0.008458 
4.200000 0.994762 0.991368 0.006253 0.009191 
4.300000 0.994109 0.990419 0.006870 0.009969 
4.400000 0.993394 0.989392 0.007531 0.010793 
4.500000 0.992612 0.988282 0.008240 0.011664 
4.600000 0.991757 0.987085 0.008997 0.012584 
4.700000 0.990825 0.985796 0.009805 0.013554 
4.800000 0.989812 0.984411 0.010667 0.014576 
4.900000 0.988712 0.982925 0.011584 0.015652 
5.000000 0.987520 0.981333 0.012559 0.016782 
5.100000 0.986230 0.979630 0.013594 0.017970 
5.200000 0.984837 0.977810 0.014692 0.019216 
5.300000 0.983334 0.975870 0.015855 0.020523 
5.400000 0.981716 0.973803 0.017086 0.021891 
5.500000 0.979977 0.971604 0.018387 0.023323 
5.600000 0.978110 0.969269 0.019761 0.024821 
5.700000 0.976109 0.966791 0.021211 0.026385 
5.800000 0.973967 0.964165 0.022739 0.028018 
5.900000 0.971678 0.961387 0.024348 0.029722 
6.000000 0.969233 0.958449 0.026042 0.031498 
6.100000 0.966627 0.955347 0.027822 0.033348 
6.200000 0.963852 0.952075 0.029691 0.035274 
6.300000 0.960901 0.948629 0.031654 0.037277 
6.400000 0.957766 0.945001 0.033712 0.039361 
6.500000 0.954441 0.941188 0.035869 0.041525 
6.600000 0.950917 0.937183 0.038128 0.043773 
6.700000 0.947187 0.932981 0.040491 0.046106 
6.800000 0.943244 0.928578 0.042963 0.048526 
6.900000 0.939080 0.923967 0.045547 0.051035 
7.000000 0.934687 0.919145 0.048245 0.053635 
7.100000 0.930058 0.914106 0.051062 0.056328 
7.200000 0.925186 0.908846 0.054000 0.059115 
7.300000 0.920064 0.903359 0.057063 0.061999 
7.400000 0.914684 0.897643 0.060255 0.064981 
7.500000 0.909039 0.891692 0.063578 0.068064 
7.600000 0.903122 0.885503 0.067038 0.071249 
7.700000 0.896928 0.879073 0.070636 0.074539 
7.800000 0.890449 0.872397 0.074378 0.077935 
7.900000 0.883680 0.865474 0.078266 0.081440 
8.000000 0.876615 0.858299 0.082305 0.085055 
8.100000 0.869249 0.850872 0.086498 0.088783 
8.200000 0.861576 0.843190 0.090849 0.092626 
8.300000 0.853593 0.835252 0.095362 0.096585 
8.400000 0.845295 0.827055 0.100042 0.100663 
8.500000 0.836679 0.818601 0.104891 0.104862 
8.600000 0.827742 0.809887 0.109915 0.109184 
8.700000 0.818482 0.800916 0.115117 0.113631 
8.800000 0.808897 0.791686 0.120502 0.118205 
8.900000 0.798987 0.782200 0.126073 0.122908 
9.000000 0.788751 0.772459 0.131836 0.127743 
9.100000 0.778190 0.762466 0.137794 0.132711 
9.200000 0.767306 0.752222 0.143951 0.137815 
9.300000 0.756100 0.741733 0.150313 0.143057 
9.400000 0.744577 0.731002 0.156883 0.148439 
9.500000 0.732739 0.720033 0.163666 0.153964 
9.600000 0.720594 0.708832 0.170667 0.159633 
9.700000 0.708145 0.697405 0.177890 0.165448 
9.800000 0.695402 0.685757 0.185340 0.171413 
9.900000 0.682371 0.673897 0.193021 0.177529 
10.000000 0.669063 0.661833 0.200939 0.183798 
10.100000 0.655487 0.649572 0.209098 0.190223 
10.200000 0.641654 0.637123 0.217503 0.196806 
10.300000 0.627579 0.624497 0.226158 0.203549 
10.400000 0.613273 0.611704 0.235070 0.210455 
10.500000 0.598751 0.598754 0.244242 0.217525 
10.600000 0.584030 0.585659 0.253681 0.224763 
10.700000 0.569126 0.572431 0.263390 0.232170 
10.800000 0.554056 0.559083 0.273375 0.239749 
10.900000 0.538839 0.545628 0.283641 0.247502 
11.000000 0.523495 0.532079 0.294194 0.255431 
11.100000 0.508044 0.518450 0.305039 0.263539 
11.200000 0.492507 0.504757 0.316181 0.271829 
11.300000 0.476907 0.491014 0.327625 0.280302 
11.400000 0.461266 0.477236 0.339378 0.288961 
11.500000 0.445606 0.463439 0.351443 0.297808 
11.600000 0.429953 0.449638 0.363828 0.306846 
11.700000 0.414329 0.435850 0.376537 0.316077 
11.800000 0.398759 0.422091 0.389576 0.325504 
11.900000 0.383268 0.408377 0.402950 0.335129 
12.000000 0.367879 0.394725 0.416667 0.344954 
12.100000 0.352619 0.381150 0.430730 0.354982 
12.200000 0.337511 0.367670 0.445147 0.365216 
12.300000 0.322579 0.354300 0.459922 0.375657 
12.400000 0.307846 0.341056 0.475062 0.386309 
12.500000 0.293337 0.327954 0.490573 0.397173 
12.600000 0.279073 0.315010 0.506461 0.408253 
12.700000 0.265076 0.302239 0.522731 0.419551 
12.800000 0.251367 0.289654 0.539391 0.431069 
12.900000 0.237966 0.277271 0.556445 0.442810 
13.000000 0.224890 0.265103 0.573901 0.454776 
13.100000 0.212158 0.253163 0.591765 0.466971 
13.200000 0.199786 0.241463 0.610042 0.479395 
13.300000 0.187787 0.230015 0.628739 0.492053 
13.400000 0.176176 0.218831 0.647863 0.504947 
13.500000 0.164963 0.207919 0.667419 0.518078 
13.600000 0.154159 0.197290 0.687416 0.531451 
13.700000 0.143771 0.186952 0.707858 0.545067 
13.800000 0.133807 0.176912 0.728753 0.558929 
13.900000 0.124270 0.167178 0.750107 0.573039 
14.000000 0.115164 0.157754 0.771926 0.587401 
14.100000 0.106491 0.148646 0.794219 0.602016 
14.200000 0.098249 0.139858 0.816991 0.616888 
14.300000 0.090436 0.131392 0.840249 0.632020 
14.400000 0.083049 0.123250 0.864000 0.647413 
14.500000 0.076083 0.115433 0.888251 0.663070 
14.600000 0.069531 0.107941 0.913009 0.678995 
14.700000 0.063384 0.100774 0.938281 0.695189 
14.800000 0.057633 0.093929 0.964075 0.711656 
14.900000 0.052268 0.087404 0.990396 0.728399 
15.000000 0.047276 0.081195 1.017253 0.745419 
