t Fq h
0.100000 0.995012 0.050000 
0.114915 0.994271 0.050000 
0.129830 0.993530 0.050000 
0.144745 0.992789 0.050000 
0.159660 0.992049 0.050000 
0.174575 0.991309 0.050000 
0.189489 0.990570 0.050000 
0.204404 0.989832 0.050000 
0.219319 0.989094 0.050000 
0.234234 0.988357 0.050000 
0.249149 0.987620 0.050000 
0.264064 0.986884 0.050000 
0.278979 0.986148 0.050000 
0.293894 0.985413 0.050000 
0.308809 0.984678 0.050000 
0.323724 0.983944 0.050000 
0.338639 0.983211 0.050000 
0.353554 0.982478 0.050000 
0.368468 0.981745 0.050000 
0.383383 0.981013 0.050000 
0.398298 0.980282 0.050000 
0.413213 0.979551 0.050000 
0.428128 0.978821 0.050000 
0.443043 0.978091 0.050000 
0.457958 0.977362 0.050000 
0.472873 0.976634 0.050000 
0.487788 0.975906 0.050000 
0.502703 0.975178 0.050000 
0.517618 0.974451 0.050000 
0.532533 0.973725 0.050000 
0.547447 0.972999 0.050000 
0.562362 0.972274 0.050000 
0.577277 0.971549 0.050000 
0.592192 0.970824 0.050000 
0.607107 0.970101 0.050000 
0.622022 0.969378 0.050000 
0.636937 0.968655 0.050000 
0.651852 0.967933 0.050000 
0.666767 0.967211 0.050000 
0.681682 0.966490 0.050000 
0.696597 0.965770 0.050000 
0.711512 0.965050 0.050000 
0.726426 0.964330 0.050000 
0.741341 0.963612 0.050000 
0.756256 0.962893 0.050000 
0.771171 0.962175 0.050000 
0.786086 0.961458 0.050000 
0.801001 0.960741 0.050000 
0.815916 0.960025 0.050000 
0.830831 0.959309 0.050000 
0.845746 0.958594 0.050000 
0.860661 0.957880 0.050000 
0.875576 0.957166 0.050000 
0.890490 0.956452 0.050000 
0.905405 0.955739 0.050000 
0.920320 0.955027 0.050000 
0.935235 0.954315 0.050000 
0.950150 0.953603 0.050000 
0.965065 0.952892 0.050000 
0.979980 0.952182 0.050000 
0.994895 0.951472 0.050000 
1.009810 0.950763 0.050000 
1.024725 0.950054 0.050000 
1.039640 0.949346 0.050000 
1.054555 0.948638 0.050000 
1.069469 0.947931 0.050000 
1.084384 0.947224 0.050000 
1.099299 0.946518 0.050000 
1.114214 0.945813 0.050000 
1.129129 0.945108 0.050000 
1.144044 0.944403 0.050000 
1.158959 0.943699 0.050000 
1.173874 0.942996 0.050000 
1.188789 0.942293 0.050000 
1.203704 0.941590 0.050000 
1.218619 0.940888 0.050000 
1.233534 0.940187 0.050000 
1.248448 0.939486 0.050000 
1.263363 0.938786 0.050000 
1.278278 0.938086 0.050000 
1.293193 0.937386 0.050000 
1.308108 0.936688 0.050000 
1.323023 0.935989 0.050000 
1.337938 0.935292 0.050000 
1.352853 0.934594 0.050000 
1.367768 0.933898 0.050000 
1.382683 0.933201 0.050000 
1.397598 0.932506 0.050000 
1.412513 0.931811 0.050000 
1.427427 0.931116 0.050000 
1.442342 0.930422 0.050000 
1.457257 0.929728 0.050000 
1.472172 0.929035 0.050000 
1.487087 0.928343 0.050000 
1.502002 0.927651 0.050000 
1.516917 0.926959 0.050000 
1.531832 0.926268 0.050000 
1.546747 0.925578 0.050000 
1.561662 0.924888 0.050000 
1.576577 0.924198 0.050000 
1.591491 0.923509 0.050000 
1.606406 0.922821 0.050000 
1.621321 0.922133 0.050000 
1.636236 0.921445 0.050000 
1.651151 0.920758 0.050000 
1.666066 0.920072 0.050000 
1.680981 0.919386 0.050000 
1.695896 0.918701 0.050000 
1.710811 0.918016 0.050000 
1.725726 0.917332 0.050000 
1.740641 0.916648 0.050000 
1.755556 0.915964 0.050000 
1.770470 0.915282 0.050000 
1.785385 0.914599 0.050000 
1.800300 0.913917 0.050000 
1.815215 0.913236 0.050000 
1.830130 0.912555 0.050000 
1.845045 0.911875 0.050000 
1.859960 0.911195 0.050000 
1.874875 0.910516 0.050000 
1.889790 0.909837 0.050000 
1.904705 0.909159 0.050000 
1.919620 0.908481 0.050000 
1.934535 0.907804 0.050000 
1.949449 0.907127 0.050000 
1.964364 0.906451 0.050000 
1.979279 0.905775 0.050000 
1.994194 0.905100 0.050000 
2.009109 0.904425 0.050000 
2.024024 0.903751 0.050000 
2.038939 0.903077 0.050000 
2.053854 0.902404 0.050000 
2.068769 0.901732 0.050000 
2.083684 0.901059 0.050000 
2.098599 0.900388 0.050000 
2.113514 0.899716 0.050000 
2.128428 0.899046 0.050000 
2.143343 0.898375 0.050000 
2.158258 0.897706 0.050000 
2.173173 0.897037 0.050000 
2.188088 0.896368 0.050000 
2.203003 0.895700 0.050000 
2.217918 0.895032 0.050000 
2.232833 0.894365 0.050000 
2.247748 0.893698 0.050000 
2.262663 0.893032 0.050000 
2.277578 0.892366 0.050000 
2.292492 0.891701 0.050000 
2.307407 0.891036 0.050000 
2.322322 0.890372 0.050000 
2.337237 0.889708 0.050000 
2.352152 0.889045 0.050000 
2.367067 0.888382 0.050000 
2.381982 0.887720 0.050000 
2.396897 0.887058 0.050000 
2.411812 0.886397 0.050000 
2.426727 0.885736 0.050000 
2.441642 0.885076 0.050000 
2.456557 0.884416 0.050000 
2.471471 0.883757 0.050000 
2.486386 0.883098 0.050000 
2.501301 0.882439 0.050000 
2.516216 0.881782 0.050000 
2.531131 0.881124 0.050000 
2.546046 0.880467 0.050000 
2.560961 0.879811 0.050000 
2.575876 0.879155 0.050000 
2.590791 0.878500 0.050000 
2.605706 0.877845 0.050000 
2.620621 0.877191 0.050000 
2.635536 0.876537 0.050000 
2.650450 0.875883 0.050000 
2.665365 0.875230 0.050000 
2.680280 0.874578 0.050000 
2.695195 0.873926 0.050000 
2.710110 0.873274 0.050000 
2.725025 0.872623 0.050000 
2.739940 0.871973 0.050000 
2.754855 0.871323 0.050000 
2.769770 0.870673 0.050000 
2.784685 0.870024 0.050000 
2.799600 0.869376 0.050000 
2.814515 0.868728 0.050000 
2.829429 0.868080 0.050000 
2.844344 0.867433 0.050000 
2.859259 0.866786 0.050000 
2.874174 0.866140 0.050000 
2.889089 0.865494 0.050000 
2.904004 0.864849 0.050000 
2.918919 0.864204 0.050000 
2.933834 0.863560 0.050000 
2.948749 0.862916 0.050000 
2.963664 0.862273 0.050000 
2.978579 0.861630 0.050000 
2.993493 0.860988 0.050000 
3.008408 0.860346 0.050000 
3.023323 0.859705 0.050000 
3.038238 0.859064 0.050000 
3.053153 0.858424 0.050000 
3.068068 0.857784 0.050000 
3.082983 0.857144 0.050000 
3.097898 0.856505 0.050000 
3.112813 0.855867 0.050000 
3.127728 0.855229 0.050000 
3.142643 0.854591 0.050000 
3.157558 0.853954 0.050000 
3.172472 0.853317 0.050000 
3.187387 0.852681 0.050000 
3.202302 0.852046 0.050000 
3.217217 0.851411 0.050000 
3.232132 0.850776 0.050000 
3.247047 0.850142 0.050000 
3.261962 0.849508 0.050000 
3.276877 0.848875 0.050000 
3.291792 0.848242 0.050000 
3.306707 0.847609 0.050000 
3.321622 0.846978 0.050000 
3.336537 0.846346 0.050000 
3.351451 0.845715 0.050000 
3.366366 0.845085 0.050000 
3.381281 0.844455 0.050000 
3.396196 0.843825 0.050000 
3.411111 0.843196 0.050000 
3.426026 0.842568 0.050000 
3.440941 0.841940 0.050000 
3.455856 0.841312 0.050000 
3.470771 0.840685 0.050000 
3.485686 0.840058 0.050000 
3.500601 0.839432 0.050000 
3.515516 0.838806 0.050000 
3.530430 0.838181 0.050000 
3.545345 0.837556 0.050000 
3.560260 0.836932 0.050000 
3.575175 0.836308 0.050000 
3.590090 0.835684 0.050000 
3.605005 0.835061 0.050000 
3.619920 0.834439 0.050000 
3.634835 0.833817 0.050000 
3.649750 0.833195 0.050000 
3.664665 0.832574 0.050000 
3.679580 0.831953 0.050000 
3.694494 0.831333 0.050000 
3.709409 0.830713 0.050000 
3.724324 0.830094 0.050000 
3.739239 0.829475 0.050000 
3.754154 0.828857 0.050000 
3.769069 0.828239 0.050000 
3.783984 0.827622 0.050000 
3.798899 0.827005 0.050000 
3.813814 0.826388 0.050000 
3.828729 0.825772 0.050000 
3.843644 0.825157 0.050000 
3.858559 0.824541 0.050000 
3.873473 0.823927 0.050000 
3.888388 0.823313 0.050000 
3.903303 0.822699 0.050000 
3.918218 0.822085 0.050000 
3.933133 0.821473 0.050000 
3.948048 0.820860 0.050000 
3.962963 0.820248 0.050000 
3.977878 0.819637 0.050000 
3.992793 0.819026 0.050000 
4.007708 0.818415 0.050000 
4.022623 0.817805 0.050000 
4.037538 0.817196 0.050000 
4.052452 0.816586 0.050000 
4.067367 0.815978 0.050000 
4.082282 0.815369 0.050000 
4.097197 0.814761 0.050000 
4.112112 0.814154 0.050000 
4.127027 0.813547 0.050000 
4.141942 0.812941 0.050000 
4.156857 0.812335 0.050000 
4.171772 0.811729 0.050000 
4.186687 0.811124 0.050000 
4.201602 0.810519 0.050000 
4.216517 0.809915 0.050000 
4.231431 0.809311 0.050000 
4.246346 0.808708 0.050000 
4.261261 0.808105 0.050000 
4.276176 0.807503 0.050000 
4.291091 0.806901 0.050000 
4.306006 0.806299 0.050000 
4.320921 0.805698 0.050000 
4.335836 0.805098 0.050000 
4.350751 0.804497 0.050000 
4.365666 0.803898 0.050000 
4.380581 0.803298 0.050000 
4.395495 0.802700 0.050000 
4.410410 0.802101 0.050000 
4.425325 0.801503 0.050000 
4.440240 0.800906 0.050000 
4.455155 0.800309 0.050000 
4.470070 0.799712 0.050000 
4.484985 0.799116 0.050000 
4.499900 0.798520 0.050000 
4.514815 0.797925 0.050000 
4.529730 0.797330 0.050000 
4.544645 0.796736 0.050000 
4.559560 0.796142 0.050000 
4.574474 0.795548 0.050000 
4.589389 0.794955 0.050000 
4.604304 0.794363 0.050000 
4.619219 0.793770 0.050000 
4.634134 0.793179 0.050000 
4.649049 0.792587 0.050000 
4.663964 0.791997 0.050000 
4.678879 0.791406 0.050000 
4.693794 0.790816 0.050000 
4.708709 0.790227 0.050000 
4.723624 0.789638 0.050000 
4.738539 0.789049 0.050000 
4.753453 0.788461 0.050000 
4.768368 0.787873 0.050000 
4.783283 0.787286 0.050000 
4.798198 0.786699 0.050000 
4.813113 0.786112 0.050000 
4.828028 0.785526 0.050000 
4.842943 0.784941 0.050000 
4.857858 0.784356 0.050000 
4.872773 0.783771 0.050000 
4.887688 0.783187 0.050000 
4.902603 0.782603 0.050000 
4.917518 0.782019 0.050000 
4.932432 0.781436 0.050000 
4.947347 0.780854 0.050000 
4.962262 0.780272 0.050000 
4.977177 0.779690 0.050000 
4.992092 0.779109 0.050000 
5.007007 0.778528 0.050000 
5.021922 0.777948 0.050000 
5.036837 0.777368 0.050000 
5.051752 0.776788 0.050000 
5.066667 0.776209 0.050000 
5.081582 0.775630 0.050000 
5.096496 0.775052 0.050000 
5.111411 0.774474 0.050000 
5.126326 0.773897 0.050000 
5.141241 0.773320 0.050000 
5.156156 0.772744 0.050000 
5.171071 0.772168 0.050000 
5.185986 0.771592 0.050000 
5.200901 0.771017 0.050000 
5.215816 0.770442 0.050000 
5.230731 0.769868 0.050000 
5.245646 0.769294 0.050000 
5.260561 0.768720 0.050000 
5.275475 0.768147 0.050000 
5.290390 0.767575 0.050000 
5.305305 0.767002 0.050000 
5.320220 0.766431 0.050000 
5.335135 0.765859 0.050000 
5.350050 0.765288 0.050000 
5.364965 0.764718 0.050000 
5.379880 0.764148 0.050000 
5.394795 0.763578 0.050000 
5.409710 0.763009 0.050000 
5.424625 0.762440 0.050000 
5.439540 0.761872 0.050000 
5.454454 0.761304 0.050000 
5.469369 0.760736 0.050000 
5.484284 0.760169 0.050000 
5.499199 0.759603 0.050000 
5.514114 0.759036 0.050000 
5.529029 0.758470 0.050000 
5.543944 0.757905 0.050000 
5.558859 0.757340 0.050000 
5.573774 0.756775 0.050000 
5.588689 0.756211 0.050000 
5.603604 0.755648 0.050000 
5.618519 0.755084 0.050000 
5.633433 0.754521 0.050000 
5.648348 0.753959 0.050000 
5.663263 0.753397 0.050000 
5.678178 0.752835 0.050000 
5.693093 0.752274 0.050000 
5.708008 0.751713 0.050000 
5.722923 0.751153 0.050000 
5.737838 0.750593 0.050000 
5.752753 0.750033 0.050000 
5.767668 0.749474 0.050000 
5.782583 0.748915 0.050000 
5.797497 0.748357 0.050000 
5.812412 0.747799 0.050000 
5.827327 0.747242 0.050000 
5.842242 0.746685 0.050000 
5.857157 0.746128 0.050000 
5.872072 0.745572 0.050000 
5.886987 0.745016 0.050000 
5.901902 0.744461 0.050000 
5.916817 0.743906 0.050000 
5.931732 0.743351 0.050000 
5.946647 0.742797 0.050000 
5.961562 0.742243 0.050000 
5.976476 0.741690 0.050000 
5.991391 0.741137 0.050000 
6.006306 0.740585 0.050000 
6.021221 0.740033 0.050000 
6.036136 0.739481 0.050000 
6.051051 0.738930 0.050000 
6.065966 0.738379 0.050000 
6.080881 0.737828 0.050000 
6.095796 0.737278 0.050000 
6.110711 0.736729 0.050000 
6.125626 0.736180 0.050000 
6.140541 0.735631 0.050000 
6.155455 0.735082 0.050000 
6.170370 0.734534 0.050000 
6.185285 0.733987 0.050000 
6.200200 0.733440 0.050000 
6.215115 0.732893 0.050000 
6.230030 0.732347 0.050000 
6.244945 0.731801 0.050000 
6.259860 0.731255 0.050000 
6.274775 0.730710 0.050000 
6.289690 0.730165 0.050000 
6.304605 0.729621 0.050000 
6.319520 0.729077 0.050000 
6.334434 0.728533 0.050000 
6.349349 0.727990 0.050000 
6.364264 0.727448 0.050000 
6.379179 0.726905 0.050000 
6.394094 0.726363 0.050000 
6.409009 0.725822 0.050000 
6.423924 0.725281 0.050000 
6.438839 0.724740 0.050000 
6.453754 0.724200 0.050000 
6.468669 0.723660 0.050000 
6.483584 0.723121 0.050000 
6.498498 0.722582 0.050000 
6.513413 0.722043 0.050000 
6.528328 0.721505 0.050000 
6.543243 0.720967 0.050000 
6.558158 0.720429 0.050000 
6.573073 0.719892 0.050000 
6.587988 0.719356 0.050000 
6.602903 0.718819 0.050000 
6.617818 0.718284 0.050000 
6.632733 0.717748 0.050000 
6.647648 0.717213 0.050000 
6.662563 0.716678 0.050000 
6.677477 0.716144 0.050000 
6.692392 0.715610 0.050000 
6.707307 0.715077 0.050000 
6.722222 0.714544 0.050000 
6.737137 0.714011 0.050000 
6.752052 0.713479 0.050000 
6.766967 0.712947 0.050000 
6.781882 0.712415 0.050000 
6.796797 0.711884 0.050000 
6.811712 0.711354 0.050000 
6.826627 0.710823 0.050000 
6.841542 0.710293 0.050000 
6.856456 0.709764 0.050000 
6.871371 0.709235 0.050000 
6.886286 0.708706 0.050000 
6.901201 0.708178 0.050000 
6.916116 0.707650 0.050000 
6.931031 0.707122 0.050000 
6.945946 0.706595 0.050000 
6.960861 0.706068 0.050000 
6.975776 0.705542 0.050000 
6.990691 0.705016 0.050000 
7.005606 0.704491 0.050000 
7.020521 0.703965 0.050000 
7.035435 0.703441 0.050000 
7.050350 0.702916 0.050000 
7.065265 0.702392 0.050000 
7.080180 0.701869 0.050000 
7.095095 0.701345 0.050000 
7.110010 0.700823 0.050000 
7.124925 0.700300 0.050000 
7.139840 0.699778 0.050000 
7.154755 0.699256 0.050000 
7.169670 0.698735 0.050000 
7.184585 0.698214 0.050000 
7.199499 0.697694 0.050000 
7.214414 0.697174 0.050000 
7.229329 0.696654 0.050000 
7.244244 0.696135 0.050000 
7.259159 0.695616 0.050000 
7.274074 0.695097 0.050000 
7.288989 0.694579 0.050000 
7.303904 0.694061 0.050000 
7.318819 0.693544 0.050000 
7.333734 0.693027 0.050000 
7.348649 0.692510 0.050000 
7.363564 0.691994 0.050000 
7.378478 0.691478 0.050000 
7.393393 0.690963 0.050000 
7.408308 0.690447 0.050000 
7.423223 0.689933 0.050000 
7.438138 0.689418 0.050000 
7.453053 0.688904 0.050000 
7.467968 0.688391 0.050000 
7.482883 0.687878 0.050000 
7.497798 0.687365 0.050000 
7.512713 0.686853 0.050000 
7.527628 0.686341 0.050000 
7.542543 0.685829 0.050000 
7.557457 0.685318 0.050000 
7.572372 0.684807 0.050000 
7.587287 0.684296 0.050000 
7.602202 0.683786 0.050000 
7.617117 0.683276 0.050000 
7.632032 0.682767 0.050000 
7.646947 0.682258 0.050000 
7.661862 0.681749 0.050000 
7.676777 0.681241 0.050000 
7.691692 0.680733 0.050000 
7.706607 0.680226 0.050000 
7.721522 0.679719 0.050000 
7.736436 0.679212 0.050000 
7.751351 0.678706 0.050000 
7.766266 0.678200 0.050000 
7.781181 0.677694 0.050000 
7.796096 0.677189 0.050000 
7.811011 0.676684 0.050000 
7.825926 0.676180 0.050000 
7.840841 0.675676 0.050000 
7.855756 0.675172 0.050000 
7.870671 0.674669 0.050000 
7.885586 0.674166 0.050000 
7.900501 0.673663 0.050000 
7.915415 0.673161 0.050000 
7.930330 0.672659 0.050000 
7.945245 0.672158 0.050000 
7.960160 0.671657 0.050000 
7.975075 0.671156 0.050000 
7.989990 0.670656 0.050000 
8.004905 0.670156 0.050000 
8.019820 0.669656 0.050000 
8.034735 0.669157 0.050000 
8.049650 0.668658 0.050000 
8.064565 0.668160 0.050000 
8.079479 0.667661 0.050000 
8.094394 0.667164 0.050000 
8.109309 0.666666 0.050000 
8.124224 0.666169 0.050000 
8.139139 0.665673 0.050000 
8.154054 0.665177 0.050000 
8.168969 0.664681 0.050000 
8.183884 0.664185 0.050000 
8.198799 0.663690 0.050000 
8.213714 0.663195 0.050000 
8.228629 0.662701 0.050000 
8.243544 0.662207 0.050000 
8.258458 0.661713 0.050000 
8.273373 0.661220 0.050000 
8.288288 0.660727 0.050000 
8.303203 0.660235 0.050000 
8.318118 0.659742 0.050000 
8.333033 0.659251 0.050000 
8.347948 0.658759 0.050000 
8.362863 0.658268 0.050000 
8.377778 0.657777 0.050000 
8.392693 0.657287 0.050000 
8.407608 0.656797 0.050000 
8.422523 0.656307 0.050000 
8.437437 0.655818 0.050000 
8.452352 0.655329 0.050000 
8.467267 0.654841 0.050000 
8.482182 0.654352 0.050000 
8.497097 0.653865 0.050000 
8.512012 0.653377 0.050000 
8.526927 0.652890 0.050000 
8.541842 0.652403 0.050000 
8.556757 0.651917 0.050000 
8.571672 0.651431 0.050000 
8.586587 0.650946 0.050000 
8.601502 0.650460 0.050000 
8.616416 0.649975 0.050000 
8.631331 0.649491 0.050000 
8.646246 0.649007 0.050000 
8.661161 0.648523 0.050000 
8.676076 0.648039 0.050000 
8.690991 0.647556 0.050000 
8.705906 0.647074 0.050000 
8.720821 0.646591 0.050000 
8.735736 0.646109 0.050000 
8.750651 0.645628 0.050000 
8.765566 0.645146 0.050000 
8.780480 0.644665 0.050000 
8.795395 0.644185 0.050000 
8.810310 0.643704 0.050000 
8.825225 0.643225 0.050000 
8.840140 0.642745 0.050000 
8.855055 0.642266 0.050000 
8.869970 0.641787 0.050000 
8.884885 0.641309 0.050000 
8.899800 0.640831 0.050000 
8.914715 0.640353 0.050000 
8.929630 0.639876 0.050000 
8.944545 0.639399 0.050000 
8.959459 0.638922 0.050000 
8.974374 0.638446 0.050000 
8.989289 0.637970 0.050000 
9.004204 0.637494 0.050000 
9.019119 0.637019 0.050000 
9.034034 0.636544 0.050000 
9.048949 0.636069 0.050000 
9.063864 0.635595 0.050000 
9.078779 0.635122 0.050000 
9.093694 0.634648 0.050000 
9.108609 0.634175 0.050000 
9.123524 0.633702 0.050000 
9.138438 0.633230 0.050000 
9.153353 0.632758 0.050000 
9.168268 0.632286 0.050000 
9.183183 0.631815 0.050000 
9.198098 0.631344 0.050000 
9.213013 0.630873 0.050000 
9.227928 0.630403 0.050000 
9.242843 0.629933 0.050000 
9.257758 0.629463 0.050000 
9.272673 0.628994 0.050000 
9.287588 0.628525 0.050000 
9.302503 0.628057 0.050000 
9.317417 0.627588 0.050000 
9.332332 0.627120 0.050000 
9.347247 0.626653 0.050000 
9.362162 0.626186 0.050000 
9.377077 0.625719 0.050000 
9.391992 0.625253 0.050000 
9.406907 0.624786 0.050000 
9.421822 0.624321 0.050000 
9.436737 0.623855 0.050000 
9.451652 0.623390 0.050000 
9.466567 0.622926 0.050000 
9.481481 0.622461 0.050000 
9.496396 0.621997 0.050000 
9.511311 0.621533 0.050000 
9.526226 0.621070 0.050000 
9.541141 0.620607 0.050000 
9.556056 0.620144 0.050000 
9.570971 0.619682 0.050000 
9.585886 0.619220 0.050000 
9.600801 0.618759 0.050000 
9.615716 0.618297 0.050000 
9.630631 0.617836 0.050000 
9.645546 0.617376 0.050000 
9.660460 0.616916 0.050000 
9.675375 0.616456 0.050000 
9.690290 0.615996 0.050000 
9.705205 0.615537 0.050000 
9.720120 0.615078 0.050000 
9.735035 0.614620 0.050000 
9.749950 0.614161 0.050000 
9.764865 0.613704 0.050000 
9.779780 0.613246 0.050000 
9.794695 0.612789 0.050000 
9.809610 0.612332 0.050000 
9.824525 0.611876 0.050000 
9.839439 0.611420 0.050000 
9.854354 0.610964 0.050000 
9.869269 0.610508 0.050000 
9.884184 0.610053 0.050000 
9.899099 0.609598 0.050000 
9.914014 0.609144 0.050000 
9.928929 0.608690 0.050000 
9.943844 0.608236 0.050000 
9.958759 0.607783 0.050000 
9.973674 0.607330 0.050000 
9.988589 0.606877 0.050000 
10.003504 0.606424 0.050000 
10.018418 0.605972 0.050000 
10.033333 0.605521 0.050000 
10.048248 0.605069 0.050000 
10.063163 0.604618 0.050000 
10.078078 0.604167 0.050000 
10.092993 0.603717 0.050000 
10.107908 0.603267 0.050000 
10.122823 0.602817 0.050000 
10.137738 0.602368 0.050000 
10.152653 0.601919 0.050000 
10.167568 0.601470 0.050000 
10.182482 0.601022 0.050000 
10.197397 0.600574 0.050000 
10.212312 0.600126 0.050000 
10.227227 0.599679 0.050000 
10.242142 0.599232 0.050000 
10.257057 0.598785 0.050000 
10.271972 0.598339 0.050000 
10.286887 0.597892 0.050000 
10.301802 0.597447 0.050000 
10.316717 0.597001 0.050000 
10.331632 0.596556 0.050000 
10.346547 0.596112 0.050000 
10.361461 0.595667 0.050000 
10.376376 0.595223 0.050000 
10.391291 0.594779 0.050000 
10.406206 0.594336 0.050000 
10.421121 0.593893 0.050000 
10.436036 0.593450 0.050000 
10.450951 0.593008 0.050000 
10.465866 0.592566 0.050000 
10.480781 0.592124 0.050000 
10.495696 0.591683 0.050000 
10.510611 0.591242 0.050000 
10.525526 0.590801 0.050000 
10.540440 0.590360 0.050000 
10.555355 0.589920 0.050000 
10.570270 0.589481 0.050000 
10.585185 0.589041 0.050000 
10.600100 0.588602 0.050000 
10.615015 0.588163 0.050000 
10.629930 0.587725 0.050000 
10.644845 0.587287 0.050000 
10.659760 0.586849 0.050000 
10.674675 0.586411 0.050000 
10.689590 0.585974 0.050000 
10.704505 0.585537 0.050000 
10.719419 0.585101 0.050000 
10.734334 0.584665 0.050000 
10.749249 0.584229 0.050000 
10.764164 0.583793 0.050000 
10.779079 0.583358 0.050000 
10.793994 0.582923 0.050000 
10.808909 0.582489 0.050000 
10.823824 0.582055 0.050000 
10.838739 0.581621 0.050000 
10.853654 0.581187 0.050000 
10.868569 0.580754 0.050000 
10.883483 0.580321 0.050000 
10.898398 0.579888 0.050000 
10.913313 0.579456 0.050000 
10.928228 0.579024 0.050000 
10.943143 0.578592 0.050000 
10.958058 0.578161 0.050000 
10.972973 0.577730 0.050000 
10.987888 0.577299 0.050000 
11.002803 0.576869 0.050000 
11.017718 0.576439 0.050000 
11.032633 0.576009 0.050000 
11.047548 0.575580 0.050000 
11.062462 0.575151 0.050000 
11.077377 0.574722 0.050000 
11.092292 0.574294 0.050000 
11.107207 0.573865 0.050000 
11.122122 0.573438 0.050000 
11.137037 0.573010 0.050000 
11.151952 0.572583 0.050000 
11.166867 0.572156 0.050000 
11.181782 0.571730 0.050000 
11.196697 0.571303 0.050000 
11.211612 0.570878 0.050000 
11.226527 0.570452 0.050000 
11.241441 0.570027 0.050000 
11.256356 0.569602 0.050000 
11.271271 0.569177 0.050000 
11.286186 0.568753 0.050000 
11.301101 0.568329 0.050000 
11.316016 0.567905 0.050000 
11.330931 0.567482 0.050000 
11.345846 0.567059 0.050000 
11.360761 0.566636 0.050000 
11.375676 0.566214 0.050000 
11.390591 0.565792 0.050000 
11.405506 0.565370 0.050000 
11.420420 0.564948 0.050000 
11.435335 0.564527 0.050000 
11.450250 0.564106 0.050000 
11.465165 0.563686 0.050000 
11.480080 0.563266 0.050000 
11.494995 0.562846 0.050000 
11.509910 0.562426 0.050000 
11.524825 0.562007 0.050000 
11.539740 0.561588 0.050000 
11.554655 0.561169 0.050000 
11.569570 0.560751 0.050000 
11.584484 0.560333 0.050000 
11.599399 0.559915 0.050000 
11.614314 0.559498 0.050000 
11.629229 0.559081 0.050000 
11.644144 0.558664 0.050000 
11.659059 0.558247 0.050000 
11.673974 0.557831 0.050000 
11.688889 0.557415 0.050000 
11.703804 0.557000 0.050000 
11.718719 0.556585 0.050000 
11.733634 0.556170 0.050000 
11.748549 0.555755 0.050000 
11.763463 0.555341 0.050000 
11.778378 0.554927 0.050000 
11.793293 0.554513 0.050000 
11.808208 0.554100 0.050000 
11.823123 0.553687 0.050000 
11.838038 0.553274 0.050000 
11.852953 0.552862 0.050000 
11.867868 0.552449 0.050000 
11.882783 0.552038 0.050000 
11.897698 0.551626 0.050000 
11.912613 0.551215 0.050000 
11.927528 0.550804 0.050000 
11.942442 0.550393 0.050000 
11.957357 0.549983 0.050000 
11.972272 0.549573 0.050000 
11.987187 0.549163 0.050000 
12.002102 0.548754 0.050000 
12.017017 0.548345 0.050000 
12.031932 0.547936 0.050000 
12.046847 0.547528 0.050000 
12.061762 0.547119 0.050000 
12.076677 0.546712 0.050000 
12.091592 0.546304 0.050000 
12.106507 0.545897 0.050000 
12.121421 0.545490 0.050000 
12.136336 0.545083 0.050000 
12.151251 0.544677 0.050000 
12.166166 0.544271 0.050000 
12.181081 0.543865 0.050000 
12.195996 0.543460 0.050000 
12.210911 0.543055 0.050000 
12.225826 0.542650 0.050000 
12.240741 0.542245 0.050000 
12.255656 0.541841 0.050000 
12.270571 0.541437 0.050000 
12.285485 0.541033 0.050000 
12.300400 0.540630 0.050000 
12.315315 0.540227 0.050000 
12.330230 0.539824 0.050000 
12.345145 0.539422 0.050000 
12.360060 0.539020 0.050000 
12.374975 0.538618 0.050000 
12.389890 0.538216 0.050000 
12.404805 0.537815 0.050000 
12.419720 0.537414 0.050000 
12.434635 0.537014 0.050000 
12.449550 0.536613 0.050000 
12.464464 0.536213 0.050000 
12.479379 0.535814 0.050000 
12.494294 0.535414 0.050000 
12.509209 0.535015 0.050000 
12.524124 0.534616 0.050000 
12.539039 0.534218 0.050000 
12.553954 0.533819 0.050000 
12.568869 0.533421 0.050000 
12.583784 0.533024 0.050000 
12.598699 0.532626 0.050000 
12.613614 0.532229 0.050000 
12.628529 0.531833 0.050000 
12.643443 0.531436 0.050000 
12.658358 0.531040 0.050000 
12.673273 0.530644 0.050000 
12.688188 0.530249 0.050000 
12.703103 0.529853 0.050000 
12.718018 0.529458 0.050000 
12.732933 0.529064 0.050000 
12.747848 0.528669 0.050000 
12.762763 0.528275 0.050000 
12.777678 0.527881 0.050000 
12.792593 0.527488 0.050000 
12.807508 0.527095 0.050000 
12.822422 0.526702 0.050000 
12.837337 0.526309 0.050000 
12.852252 0.525917 0.050000 
12.867167 0.525525 0.050000 
12.882082 0.525133 0.050000 
12.896997 0.524741 0.050000 
12.911912 0.524350 0.050000 
12.926827 0.523959 0.050000 
12.941742 0.523569 0.050000 
12.956657 0.523178 0.050000 
12.971572 0.522788 0.050000 
12.986486 0.522399 0.050000 
13.001401 0.522009 0.050000 
13.016316 0.521620 0.050000 
13.031231 0.521231 0.050000 
13.046146 0.520843 0.050000 
13.061061 0.520454 0.050000 
13.075976 0.520066 0.050000 
13.090891 0.519679 0.050000 
13.105806 0.519291 0.050000 
13.120721 0.518904 0.050000 
13.135636 0.518517 0.050000 
13.150551 0.518131 0.050000 
13.165465 0.517745 0.050000 
13.180380 0.517359 0.050000 
13.195295 0.516973 0.050000 
13.210210 0.516588 0.050000 
13.225125 0.516202 0.050000 
13.240040 0.515818 0.050000 
13.254955 0.515433 0.050000 
13.269870 0.515049 0.050000 
13.284785 0.514665 0.050000 
13.299700 0.514281 0.050000 
13.314615 0.513898 0.050000 
13.329530 0.513515 0.050000 
13.344444 0.513132 0.050000 
13.359359 0.512749 0.050000 
13.374274 0.512367 0.050000 
13.389189 0.511985 0.050000 
13.404104 0.511604 0.050000 
13.419019 0.511222 0.050000 
13.433934 0.510841 0.050000 
13.448849 0.510460 0.050000 
13.463764 0.510080 0.050000 
13.478679 0.509700 0.050000 
13.493594 0.509320 0.050000 
13.508509 0.508940 0.050000 
13.523423 0.508560 0.050000 
13.538338 0.508181 0.050000 
13.553253 0.507803 0.050000 
13.568168 0.507424 0.050000 
13.583083 0.507046 0.050000 
13.597998 0.506668 0.050000 
13.612913 0.506290 0.050000 
13.627828 0.505913 0.050000 
13.642743 0.505535 0.050000 
13.657658 0.505159 0.050000 
13.672573 0.504782 0.050000 
13.687487 0.504406 0.050000 
13.702402 0.504030 0.050000 
13.717317 0.503654 0.050000 
13.732232 0.503278 0.050000 
13.747147 0.502903 0.050000 
13.762062 0.502528 0.050000 
13.776977 0.502154 0.050000 
13.791892 0.501779 0.050000 
13.806807 0.501405 0.050000 
13.821722 0.501032 0.050000 
13.836637 0.500658 0.050000 
13.851552 0.500285 0.050000 
13.866466 0.499912 0.050000 
13.881381 0.499539 0.050000 
13.896296 0.499167 0.050000 
13.911211 0.498795 0.050000 
13.926126 0.498423 0.050000 
13.941041 0.498051 0.050000 
13.955956 0.497680 0.050000 
13.970871 0.497309 0.050000 
13.985786 0.496938 0.050000 
14.000701 0.496568 0.050000 
14.015616 0.496198 0.050000 
14.030531 0.495828 0.050000 
14.045445 0.495458 0.050000 
14.060360 0.495089 0.050000 
14.075275 0.494720 0.050000 
14.090190 0.494351 0.050000 
14.105105 0.493982 0.050000 
14.120020 0.493614 0.050000 
14.134935 0.493246 0.050000 
14.149850 0.492879 0.050000 
14.164765 0.492511 0.050000 
14.179680 0.492144 0.050000 
14.194595 0.491777 0.050000 
14.209510 0.491410 0.050000 
14.224424 0.491044 0.050000 
14.239339 0.490678 0.050000 
14.254254 0.490312 0.050000 
14.269169 0.489947 0.050000 
14.284084 0.489582 0.050000 
14.298999 0.489217 0.050000 
14.313914 0.488852 0.050000 
14.328829 0.488487 0.050000 
14.343744 0.488123 0.050000 
14.358659 0.487759 0.050000 
14.373574 0.487396 0.050000 
14.388488 0.487032 0.050000 
14.403403 0.486669 0.050000 
14.418318 0.486307 0.050000 
14.433233 0.485944 0.050000 
14.448148 0.485582 0.050000 
14.463063 0.485220 0.050000 
14.477978 0.484858 0.050000 
14.492893 0.484497 0.050000 
14.507808 0.484136 0.050000 
14.522723 0.483775 0.050000 
14.537638 0.483414 0.050000 
14.552553 0.483054 0.050000 
14.567467 0.482694 0.050000 
14.582382 0.482334 0.050000 
14.597297 0.481974 0.050000 
14.612212 0.481615 0.050000 
14.627127 0.481256 0.050000 
14.642042 0.480897 0.050000 
14.656957 0.480539 0.050000 
14.671872 0.480180 0.050000 
14.686787 0.479822 0.050000 
14.701702 0.479465 0.050000 
14.716617 0.479107 0.050000 
14.731532 0.478750 0.050000 
14.746446 0.478393 0.050000 
14.761361 0.478037 0.050000 
14.776276 0.477680 0.050000 
14.791191 0.477324 0.050000 
14.806106 0.476968 0.050000 
14.821021 0.476613 0.050000 
14.835936 0.476257 0.050000 
14.850851 0.475902 0.050000 
14.865766 0.475548 0.050000 
14.880681 0.475193 0.050000 
14.895596 0.474839 0.050000 
14.910511 0.474485 0.050000 
14.925425 0.474131 0.050000 
14.940340 0.473778 0.050000 
14.955255 0.473425 0.050000 
14.970170 0.473072 0.050000 
14.985085 0.472719 0.050000 
15.000000 0.472367 0.050000 
