t Fq Fqsim h hest
0.100000 0.998002 0.998203 0.020000 0.017990 
0.200000 0.996008 0.996409 0.020000 0.017990 
0.300000 0.994018 0.994618 0.020000 0.017990 
0.400000 0.992032 0.992830 0.020000 0.017990 
0.500000 0.990050 0.991045 0.020000 0.017990 
0.600000 0.988072 0.989264 0.020000 0.017990 
0.700000 0.986098 0.987486 0.020000 0.017990 
0.800000 0.984127 0.985711 0.020000 0.017990 
0.900000 0.982161 0.983940 0.020000 0.017990 
1.000000 0.980199 0.982171 0.020000 0.017990 
1.100000 0.978240 0.980406 0.020000 0.017990 
1.200000 0.976286 0.978644 0.020000 0.017990 
1.300000 0.974335 0.976885 0.020000 0.017990 
1.400000 0.972388 0.975129 0.020000 0.017990 
1.500000 0.970446 0.973376 0.020000 0.017990 
1.600000 0.968507 0.971627 0.020000 0.017990 
1.700000 0.966572 0.969880 0.020000 0.017990 
1.800000 0.964640 0.968137 0.020000 0.017990 
1.900000 0.962713 0.966397 0.020000 0.017990 
2.000000 0.960789 0.964660 0.020000 0.017990 
2.100000 0.958870 0.962926 0.020000 0.017990 
2.200000 0.956954 0.961196 0.020000 0.017990 
2.300000 0.955042 0.959468 0.020000 0.017990 
2.400000 0.953134 0.957744 0.020000 0.017990 
2.500000 0.951229 0.956022 0.020000 0.017990 
2.600000 0.949329 0.954304 0.020000 0.017990 
2.700000 0.947432 0.952589 0.020000 0.017990 
2.800000 0.945539 0.950877 0.020000 0.017990 
2.900000 0.943650 0.949167 0.020000 0.017990 
3.000000 0.941765 0.947461 0.020000 0.017990 
3.100000 0.939883 0.945759 0.020000 0.017990 
3.200000 0.938005 0.944059 0.020000 0.017990 
3.300000 0.936131 0.942362 0.020000 0.017990 
3.400000 0.934260 0.940668 0.020000 0.017990 
3.500000 0.932394 0.938977 0.020000 0.017990 
3.600000 0.930531 0.937290 0.020000 0.017990 
3.700000 0.928672 0.935605 0.020000 0.017990 
3.800000 0.926816 0.933924 0.020000 0.017990 
3.900000 0.924964 0.932245 0.020000 0.017990 
4.000000 0.923116 0.930569 0.020000 0.017990 
4.100000 0.921272 0.928897 0.020000 0.017990 
4.200000 0.919431 0.927227 0.020000 0.017990 
4.300000 0.917594 0.925561 0.020000 0.017990 
4.400000 0.915761 0.923897 0.020000 0.017990 
4.500000 0.913931 0.922237 0.020000 0.017990 
4.600000 0.912105 0.920579 0.020000 0.017990 
4.700000 0.910283 0.918924 0.020000 0.017990 
4.800000 0.908464 0.917273 0.020000 0.017990 
4.900000 0.906649 0.915624 0.020000 0.017990 
5.000000 0.904837 0.913978 0.020000 0.017990 
5.100000 0.903030 0.912336 0.020000 0.017990 
5.200000 0.901225 0.910696 0.020000 0.017990 
5.300000 0.899425 0.909059 0.020000 0.017990 
5.400000 0.897628 0.907425 0.020000 0.017990 
5.500000 0.895834 0.905794 0.020000 0.017990 
5.600000 0.894044 0.904166 0.020000 0.017990 
5.700000 0.892258 0.902541 0.020000 0.017990 
5.800000 0.890475 0.900919 0.020000 0.017990 
5.900000 0.888696 0.899300 0.020000 0.017990 
6.000000 0.886920 0.897683 0.020000 0.017990 
6.100000 0.885148 0.896070 0.020000 0.017990 
6.200000 0.883380 0.894459 0.020000 0.017990 
6.300000 0.881615 0.892852 0.020000 0.017990 
6.400000 0.879853 0.891247 0.020000 0.017990 
6.500000 0.878095 0.889645 0.020000 0.017990 
6.600000 0.876341 0.888046 0.020000 0.017990 
6.700000 0.874590 0.886450 0.020000 0.017990 
6.800000 0.872843 0.884857 0.020000 0.017990 
6.900000 0.871099 0.883266 0.020000 0.017990 
7.000000 0.869358 0.881679 0.020000 0.017990 
7.100000 0.867621 0.880094 0.020000 0.017990 
7.200000 0.865888 0.878512 0.020000 0.017990 
7.300000 0.864158 0.876933 0.020000 0.017990 
7.400000 0.862431 0.875357 0.020000 0.017990 
7.500000 0.860708 0.873784 0.020000 0.017990 
7.600000 0.858988 0.872213 0.020000 0.017990 
7.700000 0.857272 0.870645 0.020000 0.017990 
7.800000 0.855559 0.869081 0.020000 0.017990 
7.900000 0.853850 0.867519 0.020000 0.017990 
8.000000 0.852144 0.865959 0.020000 0.017990 
8.100000 0.850441 0.864403 0.020000 0.017990 
8.200000 0.848742 0.862849 0.020000 0.017990 
8.300000 0.847046 0.861298 0.020000 0.017990 
8.400000 0.845354 0.859750 0.020000 0.017990 
8.500000 0.843665 0.858205 0.020000 0.017990 
8.600000 0.841979 0.856663 0.020000 0.017990 
8.700000 0.840297 0.855123 0.020000 0.017990 
8.800000 0.838618 0.853586 0.020000 0.017990 
8.900000 0.836942 0.852052 0.020000 0.017990 
9.000000 0.835270 0.850520 0.020000 0.017990 
9.100000 0.833601 0.848992 0.020000 0.017990 
9.200000 0.831936 0.847466 0.020000 0.017990 
9.300000 0.830274 0.845942 0.020000 0.017990 
9.400000 0.828615 0.844422 0.020000 0.017990 
9.500000 0.826959 0.842904 0.020000 0.017990 
9.600000 0.825307 0.841389 0.020000 0.017990 
9.700000 0.823658 0.839877 0.020000 0.017990 
9.800000 0.822012 0.838367 0.020000 0.017990 
9.900000 0.820370 0.836861 0.020000 0.017990 
10.000000 0.818731 0.835357 0.020000 0.017990 
10.100000 0.817095 0.833855 0.020000 0.017990 
10.200000 0.815462 0.832356 0.020000 0.017990 
10.300000 0.813833 0.830860 0.020000 0.017990 
10.400000 0.812207 0.829367 0.020000 0.017990 
10.500000 0.810584 0.827876 0.020000 0.017990 
10.600000 0.808965 0.826388 0.020000 0.017990 
10.700000 0.807348 0.824903 0.020000 0.017990 
10.800000 0.805735 0.823420 0.020000 0.017990 
10.900000 0.804125 0.821940 0.020000 0.017990 
11.000000 0.802519 0.820463 0.020000 0.017990 
11.100000 0.800915 0.818988 0.020000 0.017990 
11.200000 0.799315 0.817516 0.020000 0.017990 
11.300000 0.797718 0.816047 0.020000 0.017990 
11.400000 0.796124 0.814580 0.020000 0.017990 
11.500000 0.794534 0.813116 0.020000 0.017990 
11.600000 0.792946 0.811655 0.020000 0.017990 
11.700000 0.791362 0.810196 0.020000 0.017990 
11.800000 0.789781 0.808740 0.020000 0.017990 
11.900000 0.788203 0.807286 0.020000 0.017990 
12.000000 0.786628 0.805835 0.020000 0.017990 
12.100000 0.785056 0.804387 0.020000 0.017990 
12.200000 0.783488 0.802941 0.020000 0.017990 
12.300000 0.781922 0.801498 0.020000 0.017990 
12.400000 0.780360 0.800057 0.020000 0.017990 
12.500000 0.778801 0.798619 0.020000 0.017990 
12.600000 0.777245 0.797184 0.020000 0.017990 
12.700000 0.775692 0.795751 0.020000 0.017990 
12.800000 0.774142 0.794321 0.020000 0.017990 
12.900000 0.772595 0.792893 0.020000 0.017990 
13.000000 0.771052 0.791468 0.020000 0.017990 
13.100000 0.769511 0.790046 0.020000 0.017990 
13.200000 0.767974 0.788626 0.020000 0.017990 
13.300000 0.766439 0.787208 0.020000 0.017990 
13.400000 0.764908 0.785793 0.020000 0.017990 
13.500000 0.763379 0.784381 0.020000 0.017990 
13.600000 0.761854 0.782971 0.020000 0.017990 
13.700000 0.760332 0.781564 0.020000 0.017990 
13.800000 0.758813 0.780159 0.020000 0.017990 
13.900000 0.757297 0.778757 0.020000 0.017990 
14.000000 0.755784 0.777357 0.020000 0.017990 
14.100000 0.754274 0.775960 0.020000 0.017990 
14.200000 0.752767 0.774565 0.020000 0.017990 
14.300000 0.751263 0.773173 0.020000 0.017990 
14.400000 0.749762 0.771783 0.020000 0.017990 
14.500000 0.748264 0.770396 0.020000 0.017990 
14.600000 0.746769 0.769012 0.020000 0.017990 
14.700000 0.745276 0.767629 0.020000 0.017990 
14.800000 0.743787 0.766250 0.020000 0.017990 
14.900000 0.742301 0.764873 0.020000 0.017990 
15.000000 0.740818 0.763498 0.020000 0.017990 
