t Fq f h
0.100000 0.953488 0.248844 0.260983 
0.113914 0.950426 0.238019 0.250434 
0.127828 0.947497 0.227685 0.240302 
0.141742 0.944694 0.217820 0.230572 
0.155656 0.942012 0.208401 0.221230 
0.169570 0.939445 0.199409 0.212263 
0.183483 0.936988 0.190825 0.203658 
0.197397 0.934636 0.182630 0.195402 
0.211311 0.932385 0.174806 0.187483 
0.225225 0.930229 0.167337 0.179888 
0.239139 0.928164 0.160207 0.172606 
0.253053 0.926187 0.153399 0.165624 
0.266967 0.924293 0.146900 0.158933 
0.280881 0.922479 0.140696 0.152519 
0.294795 0.920741 0.134773 0.146374 
0.308709 0.919075 0.129118 0.140487 
0.322623 0.917478 0.123719 0.134847 
0.336537 0.915947 0.118566 0.129446 
0.350450 0.914480 0.113645 0.124273 
0.364364 0.913072 0.108948 0.119320 
0.378278 0.911722 0.104464 0.114578 
0.392192 0.910427 0.100183 0.110039 
0.406106 0.909185 0.096095 0.105694 
0.420020 0.907992 0.092194 0.101536 
0.433934 0.906847 0.088468 0.097556 
0.447848 0.905748 0.084912 0.093748 
0.461762 0.904692 0.081517 0.090105 
0.475676 0.903678 0.078276 0.086619 
0.489590 0.902703 0.075182 0.083285 
0.503504 0.901766 0.072228 0.080096 
0.517417 0.900866 0.069407 0.077045 
0.531331 0.900000 0.066715 0.074128 
0.545245 0.899167 0.064145 0.071338 
0.559159 0.898365 0.061691 0.068670 
0.573073 0.897593 0.059348 0.066119 
0.586987 0.896850 0.057112 0.063680 
0.600901 0.896135 0.054976 0.061348 
0.614815 0.895445 0.052938 0.059119 
0.628729 0.894781 0.050992 0.056988 
0.642643 0.894140 0.049134 0.054952 
0.656557 0.893522 0.047361 0.053005 
0.670470 0.892926 0.045668 0.051144 
0.684384 0.892350 0.044051 0.049365 
0.698298 0.891794 0.042508 0.047666 
0.712212 0.891257 0.041035 0.046041 
0.726126 0.890738 0.039628 0.044489 
0.740040 0.890237 0.038285 0.043006 
0.753954 0.889751 0.037003 0.041588 
0.767868 0.889282 0.035780 0.040234 
0.781782 0.888827 0.034611 0.038940 
0.795696 0.888387 0.033496 0.037704 
0.809610 0.887960 0.032431 0.036523 
0.823524 0.887547 0.031414 0.035395 
0.837437 0.887145 0.030444 0.034317 
0.851351 0.886756 0.029517 0.033287 
0.865265 0.886378 0.028633 0.032303 
0.879179 0.886011 0.027788 0.031363 
0.893093 0.885654 0.026982 0.030466 
0.907007 0.885307 0.026213 0.029608 
0.920921 0.884970 0.025478 0.028789 
0.934835 0.884641 0.024776 0.028007 
0.948749 0.884321 0.024107 0.027260 
0.962663 0.884010 0.023467 0.026546 
0.976577 0.883706 0.022857 0.025865 
0.990490 0.883409 0.022274 0.025214 
1.004404 0.883120 0.021718 0.024592 
1.018318 0.882837 0.021187 0.023999 
1.032232 0.882561 0.020680 0.023432 
1.046146 0.882291 0.020196 0.022890 
1.060060 0.882028 0.019734 0.022373 
1.073974 0.881769 0.019293 0.021880 
1.087888 0.881516 0.018872 0.021408 
1.101802 0.881269 0.018469 0.020958 
1.115716 0.881026 0.018086 0.020528 
1.129630 0.880788 0.017719 0.020117 
1.143544 0.880554 0.017369 0.019725 
1.157457 0.880325 0.017035 0.019351 
1.171371 0.880100 0.016717 0.018994 
1.185285 0.879878 0.016412 0.018653 
1.199199 0.879661 0.016122 0.018327 
1.213113 0.879447 0.015844 0.018016 
1.227027 0.879236 0.015579 0.017719 
1.240941 0.879029 0.015326 0.017436 
1.254855 0.878824 0.015085 0.017165 
1.268769 0.878623 0.014855 0.016907 
1.282683 0.878424 0.014635 0.016660 
1.296597 0.878229 0.014424 0.016425 
1.310511 0.878035 0.014224 0.016200 
1.324424 0.877845 0.014033 0.015985 
1.338338 0.877656 0.013850 0.015780 
1.352252 0.877470 0.013675 0.015585 
1.366166 0.877286 0.013509 0.015398 
1.380080 0.877104 0.013350 0.015220 
1.393994 0.876923 0.013198 0.015050 
1.407908 0.876745 0.013053 0.014888 
1.421822 0.876569 0.012915 0.014733 
1.435736 0.876394 0.012783 0.014585 
1.449650 0.876221 0.012656 0.014444 
1.463564 0.876049 0.012536 0.014310 
1.477477 0.875879 0.012421 0.014181 
1.491391 0.875710 0.012311 0.014059 
1.505305 0.875543 0.012207 0.013942 
1.519219 0.875377 0.012107 0.013830 
1.533133 0.875212 0.012011 0.013724 
1.547047 0.875048 0.011920 0.013622 
1.560961 0.874885 0.011833 0.013525 
1.574875 0.874724 0.011750 0.013433 
1.588789 0.874563 0.011671 0.013344 
1.602703 0.874404 0.011595 0.013260 
1.616617 0.874245 0.011523 0.013180 
1.630531 0.874087 0.011454 0.013103 
1.644444 0.873930 0.011388 0.013030 
1.658358 0.873774 0.011325 0.012961 
1.672272 0.873619 0.011265 0.012894 
1.686186 0.873464 0.011207 0.012831 
1.700100 0.873310 0.011153 0.012771 
1.714014 0.873157 0.011101 0.012713 
1.727928 0.873004 0.011051 0.012658 
1.741842 0.872852 0.011003 0.012606 
1.755756 0.872701 0.010958 0.012556 
1.769670 0.872550 0.010914 0.012508 
1.783584 0.872400 0.010873 0.012463 
1.797497 0.872250 0.010833 0.012420 
1.811411 0.872101 0.010795 0.012379 
1.825325 0.871952 0.010759 0.012339 
1.839239 0.871803 0.010725 0.012302 
1.853153 0.871655 0.010692 0.012266 
1.867067 0.871508 0.010661 0.012233 
1.880981 0.871361 0.010631 0.012200 
1.894895 0.871214 0.010602 0.012169 
1.908809 0.871067 0.010575 0.012140 
1.922723 0.870921 0.010549 0.012112 
1.936637 0.870775 0.010524 0.012086 
1.950551 0.870630 0.010500 0.012061 
1.964464 0.870484 0.010478 0.012036 
1.978378 0.870339 0.010456 0.012014 
1.992292 0.870195 0.010435 0.011992 
2.006206 0.870050 0.010416 0.011971 
2.020120 0.869906 0.010397 0.011952 
2.034034 0.869762 0.010379 0.011933 
2.047948 0.869618 0.010362 0.011915 
2.061862 0.869475 0.010345 0.011898 
2.075776 0.869331 0.010330 0.011882 
2.089690 0.869188 0.010315 0.011867 
2.103604 0.869045 0.010300 0.011852 
2.117518 0.868902 0.010287 0.011839 
2.131431 0.868760 0.010274 0.011826 
2.145345 0.868617 0.010261 0.011813 
2.159259 0.868475 0.010249 0.011802 
2.173173 0.868333 0.010238 0.011791 
2.187087 0.868191 0.010227 0.011780 
2.201001 0.868049 0.010217 0.011770 
2.214915 0.867907 0.010207 0.011761 
2.228829 0.867765 0.010198 0.011752 
2.242743 0.867624 0.010189 0.011743 
2.256657 0.867482 0.010180 0.011736 
2.270571 0.867341 0.010172 0.011728 
2.284484 0.867200 0.010164 0.011721 
2.298398 0.867058 0.010157 0.011714 
2.312312 0.866917 0.010150 0.011708 
2.326226 0.866776 0.010143 0.011702 
2.340140 0.866635 0.010137 0.011696 
2.354054 0.866495 0.010130 0.011691 
2.367968 0.866354 0.010124 0.011686 
2.381882 0.866213 0.010119 0.011682 
2.395796 0.866073 0.010113 0.011677 
2.409710 0.865932 0.010108 0.011673 
2.423624 0.865792 0.010103 0.011670 
2.437538 0.865651 0.010099 0.011666 
2.451451 0.865511 0.010094 0.011663 
2.465365 0.865371 0.010090 0.011660 
2.479279 0.865230 0.010086 0.011657 
2.493193 0.865090 0.010082 0.011654 
2.507107 0.864950 0.010078 0.011652 
2.521021 0.864810 0.010075 0.011650 
2.534935 0.864670 0.010071 0.011648 
2.548849 0.864530 0.010068 0.011646 
2.562763 0.864390 0.010065 0.011644 
2.576677 0.864250 0.010062 0.011643 
2.590591 0.864110 0.010059 0.011641 
2.604505 0.863970 0.010057 0.011640 
2.618418 0.863830 0.010054 0.011639 
2.632332 0.863691 0.010052 0.011638 
2.646246 0.863551 0.010049 0.011637 
2.660160 0.863411 0.010047 0.011637 
2.674074 0.863271 0.010045 0.011636 
2.687988 0.863132 0.010043 0.011635 
2.701902 0.862992 0.010041 0.011635 
2.715816 0.862852 0.010039 0.011635 
2.729730 0.862713 0.010037 0.011635 
2.743644 0.862573 0.010036 0.011635 
2.757558 0.862434 0.010034 0.011635 
2.771471 0.862294 0.010033 0.011635 
2.785385 0.862154 0.010031 0.011635 
2.799299 0.862015 0.010030 0.011635 
2.813213 0.861875 0.010028 0.011636 
2.827127 0.861736 0.010027 0.011636 
2.841041 0.861596 0.010026 0.011636 
2.854955 0.861457 0.010025 0.011637 
2.868869 0.861318 0.010024 0.011638 
2.882783 0.861178 0.010023 0.011638 
2.896697 0.861039 0.010022 0.011639 
2.910611 0.860899 0.010021 0.011640 
2.924525 0.860760 0.010020 0.011641 
2.938438 0.860621 0.010019 0.011641 
2.952352 0.860481 0.010018 0.011642 
2.966266 0.860342 0.010017 0.011643 
2.980180 0.860202 0.010016 0.011644 
2.994094 0.860063 0.010016 0.011645 
3.008008 0.859924 0.010015 0.011646 
3.021922 0.859784 0.010014 0.011648 
3.035836 0.859645 0.010014 0.011649 
3.049750 0.859506 0.010013 0.011650 
3.063664 0.859367 0.010013 0.011651 
3.077578 0.859227 0.010012 0.011652 
3.091491 0.859088 0.010012 0.011654 
3.105405 0.858949 0.010011 0.011655 
3.119319 0.858809 0.010011 0.011656 
3.133233 0.858670 0.010010 0.011658 
3.147147 0.858531 0.010010 0.011659 
3.161061 0.858392 0.010009 0.011661 
3.174975 0.858252 0.010009 0.011662 
3.188889 0.858113 0.010009 0.011663 
3.202803 0.857974 0.010008 0.011665 
3.216717 0.857835 0.010008 0.011666 
3.230631 0.857695 0.010008 0.011668 
3.244545 0.857556 0.010007 0.011670 
3.258458 0.857417 0.010007 0.011671 
3.272372 0.857278 0.010007 0.011673 
3.286286 0.857138 0.010007 0.011674 
3.300200 0.856999 0.010006 0.011676 
3.314114 0.856860 0.010006 0.011678 
3.328028 0.856721 0.010006 0.011679 
3.341942 0.856582 0.010006 0.011681 
3.355856 0.856442 0.010005 0.011683 
3.369770 0.856303 0.010005 0.011684 
3.383684 0.856164 0.010005 0.011686 
3.397598 0.856025 0.010005 0.011688 
3.411512 0.855886 0.010005 0.011689 
3.425425 0.855746 0.010005 0.011691 
3.439339 0.855607 0.010005 0.011693 
3.453253 0.855468 0.010004 0.011695 
3.467167 0.855329 0.010004 0.011696 
3.481081 0.855190 0.010004 0.011698 
3.494995 0.855050 0.010004 0.011700 
3.508909 0.854911 0.010004 0.011702 
3.522823 0.854772 0.010004 0.011704 
3.536737 0.854633 0.010004 0.011705 
3.550651 0.854494 0.010004 0.011707 
3.564565 0.854354 0.010004 0.011709 
3.578478 0.854215 0.010004 0.011711 
3.592392 0.854076 0.010004 0.011713 
3.606306 0.853937 0.010004 0.011715 
3.620220 0.853798 0.010004 0.011717 
3.634134 0.853659 0.010004 0.011718 
3.648048 0.853519 0.010004 0.011720 
3.661962 0.853380 0.010004 0.011722 
3.675876 0.853241 0.010004 0.011724 
3.689790 0.853102 0.010003 0.011726 
3.703704 0.852963 0.010003 0.011728 
3.717618 0.852823 0.010004 0.011730 
3.731532 0.852684 0.010004 0.011732 
3.745445 0.852545 0.010004 0.011734 
3.759359 0.852406 0.010004 0.011736 
3.773273 0.852267 0.010004 0.011738 
3.787187 0.852127 0.010004 0.011740 
3.801101 0.851988 0.010004 0.011742 
3.815015 0.851849 0.010004 0.011743 
3.828929 0.851710 0.010004 0.011745 
3.842843 0.851571 0.010004 0.011747 
3.856757 0.851432 0.010004 0.011749 
3.870671 0.851292 0.010004 0.011751 
3.884585 0.851153 0.010004 0.011753 
3.898498 0.851014 0.010004 0.011755 
3.912412 0.850875 0.010004 0.011757 
3.926326 0.850736 0.010004 0.011759 
3.940240 0.850596 0.010004 0.011761 
3.954154 0.850457 0.010004 0.011763 
3.968068 0.850318 0.010004 0.011765 
3.981982 0.850179 0.010005 0.011768 
3.995896 0.850040 0.010005 0.011770 
4.009810 0.849900 0.010005 0.011772 
4.023724 0.849761 0.010005 0.011774 
4.037638 0.849622 0.010005 0.011776 
4.051552 0.849483 0.010005 0.011778 
4.065465 0.849344 0.010005 0.011780 
4.079379 0.849204 0.010005 0.011782 
4.093293 0.849065 0.010005 0.011784 
4.107207 0.848926 0.010006 0.011786 
4.121121 0.848787 0.010006 0.011788 
4.135035 0.848647 0.010006 0.011790 
4.148949 0.848508 0.010006 0.011792 
4.162863 0.848369 0.010006 0.011795 
4.176777 0.848230 0.010006 0.011797 
4.190691 0.848091 0.010007 0.011799 
4.204605 0.847951 0.010007 0.011801 
4.218519 0.847812 0.010007 0.011803 
4.232432 0.847673 0.010007 0.011805 
4.246346 0.847534 0.010007 0.011807 
4.260260 0.847394 0.010007 0.011810 
4.274174 0.847255 0.010008 0.011812 
4.288088 0.847116 0.010008 0.011814 
4.302002 0.846977 0.010008 0.011816 
4.315916 0.846837 0.010008 0.011818 
4.329830 0.846698 0.010009 0.011821 
4.343744 0.846559 0.010009 0.011823 
4.357658 0.846420 0.010009 0.011825 
4.371572 0.846280 0.010009 0.011827 
4.385485 0.846141 0.010010 0.011830 
4.399399 0.846002 0.010010 0.011832 
4.413313 0.845863 0.010010 0.011834 
4.427227 0.845723 0.010010 0.011836 
4.441141 0.845584 0.010011 0.011839 
4.455055 0.845445 0.010011 0.011841 
4.468969 0.845305 0.010011 0.011843 
4.482883 0.845166 0.010012 0.011846 
4.496797 0.845027 0.010012 0.011848 
4.510711 0.844888 0.010012 0.011850 
4.524625 0.844748 0.010012 0.011853 
4.538539 0.844609 0.010013 0.011855 
4.552452 0.844470 0.010013 0.011857 
4.566366 0.844330 0.010014 0.011860 
4.580280 0.844191 0.010014 0.011862 
4.594194 0.844052 0.010014 0.011865 
4.608108 0.843912 0.010015 0.011867 
4.622022 0.843773 0.010015 0.011869 
4.635936 0.843634 0.010016 0.011872 
4.649850 0.843494 0.010016 0.011874 
4.663764 0.843355 0.010016 0.011877 
4.677678 0.843215 0.010017 0.011879 
4.691592 0.843076 0.010017 0.011882 
4.705506 0.842937 0.010018 0.011884 
4.719419 0.842797 0.010018 0.011887 
4.733333 0.842658 0.010019 0.011889 
4.747247 0.842519 0.010019 0.011892 
4.761161 0.842379 0.010020 0.011894 
4.775075 0.842240 0.010020 0.011897 
4.788989 0.842100 0.010021 0.011900 
4.802903 0.841961 0.010021 0.011902 
4.816817 0.841821 0.010022 0.011905 
4.830731 0.841682 0.010022 0.011908 
4.844645 0.841543 0.010023 0.011910 
4.858559 0.841403 0.010024 0.011913 
4.872472 0.841264 0.010024 0.011916 
4.886386 0.841124 0.010025 0.011918 
4.900300 0.840985 0.010025 0.011921 
4.914214 0.840845 0.010026 0.011924 
4.928128 0.840706 0.010027 0.011927 
4.942042 0.840566 0.010027 0.011929 
4.955956 0.840427 0.010028 0.011932 
4.969870 0.840287 0.010029 0.011935 
4.983784 0.840148 0.010030 0.011938 
4.997698 0.840008 0.010030 0.011941 
5.011612 0.839868 0.010031 0.011944 
5.025526 0.839729 0.010032 0.011947 
5.039439 0.839589 0.010033 0.011950 
5.053353 0.839450 0.010034 0.011953 
5.067267 0.839310 0.010034 0.011956 
5.081181 0.839170 0.010035 0.011959 
5.095095 0.839031 0.010036 0.011962 
5.109009 0.838891 0.010037 0.011965 
5.122923 0.838752 0.010038 0.011968 
5.136837 0.838612 0.010039 0.011971 
5.150751 0.838472 0.010040 0.011974 
5.164665 0.838333 0.010041 0.011977 
5.178579 0.838193 0.010042 0.011980 
5.192492 0.838053 0.010043 0.011984 
5.206406 0.837913 0.010044 0.011987 
5.220320 0.837774 0.010045 0.011990 
5.234234 0.837634 0.010046 0.011993 
5.248148 0.837494 0.010047 0.011997 
5.262062 0.837354 0.010048 0.012000 
5.275976 0.837214 0.010049 0.012003 
5.289890 0.837075 0.010051 0.012007 
5.303804 0.836935 0.010052 0.012010 
5.317718 0.836795 0.010053 0.012014 
5.331632 0.836655 0.010054 0.012017 
5.345546 0.836515 0.010056 0.012021 
5.359459 0.836375 0.010057 0.012024 
5.373373 0.836235 0.010058 0.012028 
5.387287 0.836095 0.010060 0.012032 
5.401201 0.835955 0.010061 0.012035 
5.415115 0.835815 0.010062 0.012039 
5.429029 0.835675 0.010064 0.012043 
5.442943 0.835535 0.010065 0.012047 
5.456857 0.835395 0.010067 0.012051 
5.470771 0.835255 0.010069 0.012054 
5.484685 0.835115 0.010070 0.012058 
5.498599 0.834975 0.010072 0.012062 
5.512513 0.834835 0.010073 0.012066 
5.526426 0.834695 0.010075 0.012070 
5.540340 0.834555 0.010077 0.012074 
5.554254 0.834414 0.010079 0.012079 
5.568168 0.834274 0.010080 0.012083 
5.582082 0.834134 0.010082 0.012087 
5.595996 0.833994 0.010084 0.012091 
5.609910 0.833853 0.010086 0.012096 
5.623824 0.833713 0.010088 0.012100 
5.637738 0.833573 0.010090 0.012104 
5.651652 0.833432 0.010092 0.012109 
5.665566 0.833292 0.010094 0.012113 
5.679479 0.833151 0.010096 0.012118 
5.693393 0.833011 0.010098 0.012122 
5.707307 0.832870 0.010100 0.012127 
5.721221 0.832730 0.010102 0.012132 
5.735135 0.832589 0.010105 0.012137 
5.749049 0.832449 0.010107 0.012141 
5.762963 0.832308 0.010109 0.012146 
5.776877 0.832167 0.010112 0.012151 
5.790791 0.832027 0.010114 0.012156 
5.804705 0.831886 0.010117 0.012161 
5.818619 0.831745 0.010119 0.012166 
5.832533 0.831604 0.010122 0.012172 
5.846446 0.831464 0.010125 0.012177 
5.860360 0.831323 0.010127 0.012182 
5.874274 0.831182 0.010130 0.012187 
5.888188 0.831041 0.010133 0.012193 
5.902102 0.830900 0.010136 0.012198 
5.916016 0.830759 0.010139 0.012204 
5.929930 0.830618 0.010141 0.012210 
5.943844 0.830477 0.010145 0.012215 
5.957758 0.830335 0.010148 0.012221 
5.971672 0.830194 0.010151 0.012227 
5.985586 0.830053 0.010154 0.012233 
5.999499 0.829912 0.010157 0.012239 
6.013413 0.829770 0.010160 0.012245 
6.027327 0.829629 0.010164 0.012251 
6.041241 0.829488 0.010167 0.012257 
6.055155 0.829346 0.010171 0.012264 
6.069069 0.829205 0.010174 0.012270 
6.082983 0.829063 0.010178 0.012276 
6.096897 0.828921 0.010182 0.012283 
6.110811 0.828780 0.010185 0.012290 
6.124725 0.828638 0.010189 0.012296 
6.138639 0.828496 0.010193 0.012303 
6.152553 0.828355 0.010197 0.012310 
6.166466 0.828213 0.010201 0.012317 
6.180380 0.828071 0.010205 0.012324 
6.194294 0.827929 0.010210 0.012331 
6.208208 0.827787 0.010214 0.012339 
6.222122 0.827645 0.010218 0.012346 
6.236036 0.827502 0.010223 0.012354 
6.249950 0.827360 0.010227 0.012361 
6.263864 0.827218 0.010232 0.012369 
6.277778 0.827075 0.010236 0.012377 
6.291692 0.826933 0.010241 0.012384 
6.305606 0.826791 0.010246 0.012392 
6.319520 0.826648 0.010251 0.012400 
6.333433 0.826505 0.010256 0.012409 
6.347347 0.826363 0.010261 0.012417 
6.361261 0.826220 0.010266 0.012425 
6.375175 0.826077 0.010271 0.012434 
6.389089 0.825934 0.010277 0.012443 
6.403003 0.825791 0.010282 0.012451 
6.416917 0.825648 0.010288 0.012460 
6.430831 0.825505 0.010294 0.012469 
6.444745 0.825362 0.010299 0.012479 
6.458659 0.825218 0.010305 0.012488 
6.472573 0.825075 0.010311 0.012497 
6.486486 0.824932 0.010317 0.012507 
6.500400 0.824788 0.010323 0.012516 
6.514314 0.824644 0.010330 0.012526 
6.528228 0.824501 0.010336 0.012536 
6.542142 0.824357 0.010343 0.012546 
6.556056 0.824213 0.010349 0.012556 
6.569970 0.824069 0.010356 0.012567 
6.583884 0.823925 0.010363 0.012577 
6.597798 0.823781 0.010370 0.012588 
6.611712 0.823637 0.010377 0.012599 
6.625626 0.823492 0.010384 0.012610 
6.639540 0.823348 0.010391 0.012621 
6.653453 0.823203 0.010399 0.012632 
6.667367 0.823058 0.010406 0.012643 
6.681281 0.822914 0.010414 0.012655 
6.695195 0.822769 0.010422 0.012667 
6.709109 0.822624 0.010430 0.012679 
6.723023 0.822479 0.010438 0.012691 
6.736937 0.822333 0.010446 0.012703 
6.750851 0.822188 0.010454 0.012715 
6.764765 0.822043 0.010463 0.012728 
6.778679 0.821897 0.010471 0.012741 
6.792593 0.821751 0.010480 0.012754 
6.806507 0.821606 0.010489 0.012767 
6.820420 0.821460 0.010498 0.012780 
6.834334 0.821314 0.010507 0.012794 
6.848248 0.821167 0.010517 0.012807 
6.862162 0.821021 0.010526 0.012821 
6.876076 0.820875 0.010536 0.012835 
6.889990 0.820728 0.010546 0.012849 
6.903904 0.820581 0.010556 0.012864 
6.917818 0.820434 0.010566 0.012879 
6.931732 0.820287 0.010576 0.012894 
6.945646 0.820140 0.010587 0.012909 
6.959560 0.819993 0.010598 0.012924 
6.973473 0.819846 0.010608 0.012939 
6.987387 0.819698 0.010619 0.012955 
7.001301 0.819550 0.010631 0.012971 
7.015215 0.819402 0.010642 0.012987 
7.029129 0.819254 0.010653 0.013004 
7.043043 0.819106 0.010665 0.013021 
7.056957 0.818958 0.010677 0.013037 
7.070871 0.818809 0.010689 0.013055 
7.084785 0.818661 0.010702 0.013072 
7.098699 0.818512 0.010714 0.013090 
7.112613 0.818363 0.010727 0.013107 
7.126527 0.818213 0.010740 0.013126 
7.140440 0.818064 0.010753 0.013144 
7.154354 0.817914 0.010766 0.013163 
7.168268 0.817765 0.010779 0.013182 
7.182182 0.817615 0.010793 0.013201 
7.196096 0.817465 0.010807 0.013220 
7.210010 0.817314 0.010821 0.013240 
7.223924 0.817164 0.010836 0.013260 
7.237838 0.817013 0.010850 0.013280 
7.251752 0.816862 0.010865 0.013301 
7.265666 0.816711 0.010880 0.013322 
7.279580 0.816559 0.010895 0.013343 
7.293493 0.816408 0.010911 0.013364 
7.307407 0.816256 0.010927 0.013386 
7.321321 0.816104 0.010943 0.013408 
7.335235 0.815952 0.010959 0.013431 
7.349149 0.815799 0.010975 0.013453 
7.363063 0.815647 0.010992 0.013476 
7.376977 0.815494 0.011009 0.013500 
7.390891 0.815341 0.011026 0.013523 
7.404805 0.815187 0.011044 0.013547 
7.418719 0.815034 0.011061 0.013572 
7.432633 0.814880 0.011080 0.013596 
7.446547 0.814726 0.011098 0.013622 
7.460460 0.814571 0.011116 0.013647 
7.474374 0.814417 0.011135 0.013673 
7.488288 0.814262 0.011154 0.013699 
7.502202 0.814107 0.011174 0.013725 
7.516116 0.813951 0.011194 0.013752 
7.530030 0.813796 0.011214 0.013779 
7.543944 0.813640 0.011234 0.013807 
7.557858 0.813483 0.011254 0.013835 
7.571772 0.813327 0.011275 0.013863 
7.585686 0.813170 0.011297 0.013892 
7.599600 0.813013 0.011318 0.013921 
7.613514 0.812855 0.011340 0.013951 
7.627427 0.812698 0.011362 0.013981 
7.641341 0.812540 0.011385 0.014011 
7.655255 0.812381 0.011407 0.014042 
7.669169 0.812223 0.011431 0.014073 
7.683083 0.812064 0.011454 0.014105 
7.696997 0.811904 0.011478 0.014137 
7.710911 0.811745 0.011502 0.014170 
7.724825 0.811585 0.011527 0.014203 
7.738739 0.811424 0.011552 0.014236 
7.752653 0.811264 0.011577 0.014270 
7.766567 0.811103 0.011602 0.014305 
7.780480 0.810941 0.011628 0.014339 
7.794394 0.810780 0.011655 0.014375 
7.808308 0.810618 0.011682 0.014411 
7.822222 0.810455 0.011709 0.014447 
7.836136 0.810292 0.011736 0.014484 
7.850050 0.810129 0.011764 0.014521 
7.863964 0.809965 0.011792 0.014559 
7.877878 0.809801 0.011821 0.014597 
7.891792 0.809637 0.011850 0.014636 
7.905706 0.809472 0.011880 0.014676 
7.919620 0.809307 0.011910 0.014716 
7.933534 0.809141 0.011940 0.014756 
7.947447 0.808975 0.011971 0.014797 
7.961361 0.808809 0.012002 0.014839 
7.975275 0.808642 0.012034 0.014881 
7.989189 0.808475 0.012066 0.014924 
8.003103 0.808307 0.012098 0.014967 
8.017017 0.808139 0.012131 0.015011 
8.030931 0.807970 0.012165 0.015056 
8.044845 0.807801 0.012199 0.015101 
8.058759 0.807631 0.012233 0.015147 
8.072673 0.807461 0.012268 0.015193 
8.086587 0.807290 0.012303 0.015240 
8.100501 0.807119 0.012339 0.015288 
8.114414 0.806948 0.012375 0.015336 
8.128328 0.806776 0.012412 0.015385 
8.142242 0.806603 0.012449 0.015434 
8.156156 0.806430 0.012487 0.015485 
8.170070 0.806256 0.012526 0.015535 
8.183984 0.806082 0.012564 0.015587 
8.197898 0.805908 0.012604 0.015639 
8.211812 0.805732 0.012644 0.015692 
8.225726 0.805557 0.012684 0.015746 
8.239640 0.805380 0.012725 0.015800 
8.253554 0.805203 0.012767 0.015856 
8.267467 0.805026 0.012809 0.015911 
8.281381 0.804848 0.012852 0.015968 
8.295295 0.804669 0.012895 0.016025 
8.309209 0.804490 0.012939 0.016083 
8.323123 0.804310 0.012983 0.016142 
8.337037 0.804129 0.013028 0.016202 
8.350951 0.803948 0.013074 0.016262 
8.364865 0.803767 0.013120 0.016324 
8.378779 0.803584 0.013167 0.016386 
8.392693 0.803401 0.013215 0.016448 
8.406607 0.803217 0.013263 0.016512 
8.420521 0.803033 0.013312 0.016577 
8.434434 0.802848 0.013361 0.016642 
8.448348 0.802662 0.013411 0.016708 
8.462262 0.802476 0.013462 0.016775 
8.476176 0.802289 0.013513 0.016843 
8.490090 0.802101 0.013565 0.016912 
8.504004 0.801912 0.013618 0.016982 
8.517918 0.801723 0.013671 0.017052 
8.531832 0.801533 0.013725 0.017124 
8.545746 0.801342 0.013780 0.017196 
8.559660 0.801151 0.013836 0.017270 
8.573574 0.800958 0.013892 0.017344 
8.587487 0.800765 0.013949 0.017420 
8.601401 0.800571 0.014007 0.017496 
8.615315 0.800377 0.014065 0.017573 
8.629229 0.800181 0.014124 0.017651 
8.643143 0.799985 0.014184 0.017731 
8.657057 0.799788 0.014245 0.017811 
8.670971 0.799590 0.014307 0.017892 
8.684885 0.799391 0.014369 0.017975 
8.698799 0.799191 0.014432 0.018058 
8.712713 0.798991 0.014496 0.018143 
8.726627 0.798789 0.014561 0.018228 
8.740541 0.798587 0.014626 0.018315 
8.754454 0.798384 0.014692 0.018403 
8.768368 0.798180 0.014760 0.018492 
8.782282 0.797975 0.014828 0.018582 
8.796196 0.797768 0.014897 0.018673 
8.810110 0.797561 0.014966 0.018765 
8.824024 0.797354 0.015037 0.018859 
8.837938 0.797145 0.015109 0.018953 
8.851852 0.796935 0.015181 0.019049 
8.865766 0.796724 0.015254 0.019146 
8.879680 0.796512 0.015329 0.019245 
8.893594 0.796299 0.015404 0.019344 
8.907508 0.796085 0.015480 0.019445 
8.921421 0.795870 0.015557 0.019547 
8.935335 0.795654 0.015635 0.019650 
8.949249 0.795436 0.015714 0.019755 
8.963163 0.795218 0.015794 0.019861 
8.977077 0.794999 0.015875 0.019968 
8.990991 0.794778 0.015957 0.020077 
9.004905 0.794556 0.016040 0.020187 
9.018819 0.794334 0.016123 0.020298 
9.032733 0.794110 0.016208 0.020411 
9.046647 0.793885 0.016294 0.020525 
9.060561 0.793658 0.016381 0.020640 
9.074474 0.793431 0.016470 0.020757 
9.088388 0.793202 0.016559 0.020876 
9.102302 0.792972 0.016649 0.020996 
9.116216 0.792741 0.016740 0.021117 
9.130130 0.792508 0.016833 0.021240 
9.144044 0.792274 0.016926 0.021364 
9.157958 0.792039 0.017021 0.021490 
9.171872 0.791803 0.017117 0.021617 
9.185786 0.791565 0.017214 0.021746 
9.199700 0.791326 0.017312 0.021877 
9.213614 0.791086 0.017411 0.022009 
9.227528 0.790844 0.017512 0.022143 
9.241441 0.790601 0.017613 0.022278 
9.255355 0.790356 0.017716 0.022415 
9.269269 0.790110 0.017820 0.022554 
9.283183 0.789863 0.017925 0.022694 
9.297097 0.789614 0.018032 0.022836 
9.311011 0.789363 0.018140 0.022980 
9.324925 0.789111 0.018249 0.023126 
9.338839 0.788858 0.018359 0.023273 
9.352753 0.788603 0.018471 0.023422 
9.366667 0.788347 0.018584 0.023573 
9.380581 0.788089 0.018698 0.023726 
9.394494 0.787829 0.018814 0.023880 
9.408408 0.787568 0.018931 0.024037 
9.422322 0.787305 0.019049 0.024195 
9.436236 0.787040 0.019169 0.024355 
9.450150 0.786774 0.019290 0.024517 
9.464064 0.786506 0.019412 0.024681 
9.477978 0.786237 0.019536 0.024847 
9.491892 0.785966 0.019661 0.025015 
9.505806 0.785693 0.019788 0.025185 
9.519720 0.785418 0.019916 0.025357 
9.533634 0.785142 0.020046 0.025531 
9.547548 0.784863 0.020177 0.025708 
9.561461 0.784583 0.020310 0.025886 
9.575375 0.784301 0.020444 0.026066 
9.589289 0.784018 0.020579 0.026248 
9.603203 0.783732 0.020716 0.026433 
9.617117 0.783444 0.020855 0.026620 
9.631031 0.783155 0.020995 0.026809 
9.644945 0.782864 0.021137 0.027000 
9.658859 0.782570 0.021281 0.027193 
9.672773 0.782275 0.021426 0.027389 
9.686687 0.781978 0.021573 0.027587 
9.700601 0.781678 0.021721 0.027788 
9.714515 0.781377 0.021871 0.027990 
9.728428 0.781073 0.022023 0.028195 
9.742342 0.780768 0.022176 0.028403 
9.756256 0.780460 0.022331 0.028612 
9.770170 0.780150 0.022488 0.028825 
9.784084 0.779838 0.022646 0.029040 
9.797998 0.779524 0.022806 0.029257 
9.811912 0.779207 0.022968 0.029477 
9.825826 0.778888 0.023132 0.029699 
9.839740 0.778568 0.023298 0.029924 
9.853654 0.778244 0.023465 0.030151 
9.867568 0.777919 0.023634 0.030381 
9.881481 0.777591 0.023805 0.030614 
9.895395 0.777261 0.023978 0.030850 
9.909309 0.776928 0.024153 0.031088 
9.923223 0.776593 0.024330 0.031329 
9.937137 0.776255 0.024508 0.031572 
9.951051 0.775915 0.024689 0.031819 
9.964965 0.775573 0.024871 0.032068 
9.978879 0.775228 0.025055 0.032320 
9.992793 0.774880 0.025242 0.032575 
10.006707 0.774530 0.025430 0.032833 
10.020621 0.774177 0.025620 0.033094 
10.034535 0.773822 0.025813 0.033358 
10.048448 0.773464 0.026007 0.033624 
10.062362 0.773103 0.026204 0.033894 
10.076276 0.772740 0.026402 0.034167 
10.090190 0.772373 0.026603 0.034443 
10.104104 0.772004 0.026806 0.034722 
10.118018 0.771633 0.027011 0.035005 
10.131932 0.771258 0.027218 0.035290 
10.145846 0.770881 0.027427 0.035579 
10.159760 0.770500 0.027638 0.035871 
10.173674 0.770117 0.027852 0.036166 
10.187588 0.769731 0.028068 0.036464 
10.201502 0.769341 0.028286 0.036766 
10.215415 0.768949 0.028506 0.037071 
10.229329 0.768554 0.028729 0.037380 
10.243243 0.768155 0.028954 0.037692 
10.257157 0.767754 0.029181 0.038008 
10.271071 0.767349 0.029410 0.038327 
10.284985 0.766942 0.029642 0.038650 
10.298899 0.766531 0.029876 0.038976 
10.312813 0.766116 0.030113 0.039306 
10.326727 0.765699 0.030352 0.039640 
10.340641 0.765278 0.030593 0.039977 
10.354555 0.764854 0.030837 0.040318 
10.368468 0.764426 0.031084 0.040663 
10.382382 0.763995 0.031333 0.041011 
10.396296 0.763561 0.031584 0.041364 
10.410210 0.763123 0.031838 0.041720 
10.424124 0.762682 0.032094 0.042081 
10.438038 0.762237 0.032353 0.042445 
10.451952 0.761788 0.032615 0.042813 
10.465866 0.761336 0.032879 0.043186 
10.479780 0.760880 0.033145 0.043562 
10.493694 0.760421 0.033415 0.043943 
10.507608 0.759958 0.033687 0.044327 
10.521522 0.759491 0.033962 0.044716 
10.535435 0.759020 0.034239 0.045109 
10.549349 0.758545 0.034519 0.045507 
10.563263 0.758067 0.034802 0.045909 
10.577177 0.757585 0.035088 0.046315 
10.591091 0.757098 0.035376 0.046726 
10.605005 0.756608 0.035667 0.047141 
10.618919 0.756114 0.035961 0.047560 
10.632833 0.755615 0.036258 0.047985 
10.646747 0.755113 0.036558 0.048413 
10.660661 0.754606 0.036860 0.048847 
10.674575 0.754095 0.037166 0.049285 
10.688488 0.753580 0.037474 0.049728 
10.702402 0.753061 0.037785 0.050175 
10.716316 0.752538 0.038099 0.050628 
10.730230 0.752010 0.038417 0.051085 
10.744144 0.751477 0.038737 0.051548 
10.758058 0.750940 0.039060 0.052015 
10.771972 0.750399 0.039386 0.052487 
10.785886 0.749854 0.039716 0.052964 
10.799800 0.749303 0.040048 0.053447 
10.813714 0.748748 0.040383 0.053935 
10.827628 0.748189 0.040722 0.054427 
10.841542 0.747625 0.041064 0.054926 
10.855455 0.747056 0.041409 0.055429 
10.869369 0.746482 0.041757 0.055938 
10.883283 0.745904 0.042108 0.056452 
10.897197 0.745320 0.042462 0.056972 
10.911111 0.744732 0.042820 0.057497 
10.925025 0.744139 0.043181 0.058028 
10.938939 0.743541 0.043545 0.058565 
10.952853 0.742937 0.043913 0.059107 
10.966767 0.742329 0.044284 0.059655 
10.980681 0.741716 0.044658 0.060209 
10.994595 0.741097 0.045035 0.060768 
11.008509 0.740473 0.045416 0.061334 
11.022422 0.739844 0.045800 0.061905 
11.036336 0.739210 0.046188 0.062483 
11.050250 0.738570 0.046579 0.063067 
11.064164 0.737925 0.046974 0.063657 
11.078078 0.737274 0.047372 0.064253 
11.091992 0.736618 0.047773 0.064855 
11.105906 0.735956 0.048178 0.065464 
11.119820 0.735289 0.048587 0.066079 
11.133734 0.734616 0.048999 0.066700 
11.147648 0.733938 0.049415 0.067328 
11.161562 0.733253 0.049834 0.067963 
11.175475 0.732563 0.050257 0.068604 
11.189389 0.731867 0.050683 0.069252 
11.203303 0.731165 0.051114 0.069907 
11.217217 0.730458 0.051547 0.070569 
11.231131 0.729744 0.051985 0.071237 
11.245045 0.729024 0.052426 0.071913 
11.258959 0.728298 0.052871 0.072595 
11.272873 0.727566 0.053319 0.073285 
11.286787 0.726828 0.053772 0.073982 
11.300701 0.726083 0.054228 0.074686 
11.314615 0.725332 0.054688 0.075397 
11.328529 0.724575 0.055152 0.076116 
11.342442 0.723811 0.055619 0.076842 
11.356356 0.723041 0.056090 0.077576 
11.370270 0.722265 0.056566 0.078317 
11.384184 0.721482 0.057045 0.079066 
11.398098 0.720692 0.057528 0.079823 
11.412012 0.719895 0.058015 0.080588 
11.425926 0.719092 0.058505 0.081360 
11.439840 0.718282 0.059000 0.082141 
11.453754 0.717465 0.059499 0.082929 
11.467668 0.716642 0.060002 0.083726 
11.481582 0.715811 0.060508 0.084531 
11.495495 0.714974 0.061019 0.085344 
11.509409 0.714129 0.061533 0.086166 
11.523323 0.713277 0.062052 0.086996 
11.537237 0.712418 0.062575 0.087834 
11.551151 0.711552 0.063101 0.088681 
11.565065 0.710679 0.063632 0.089537 
11.578979 0.709798 0.064167 0.090402 
11.592893 0.708910 0.064706 0.091275 
11.606807 0.708014 0.065249 0.092158 
11.620721 0.707111 0.065796 0.093049 
11.634635 0.706200 0.066348 0.093950 
11.648549 0.705282 0.066903 0.094860 
11.662462 0.704356 0.067463 0.095779 
11.676376 0.703423 0.068026 0.096708 
11.690290 0.702481 0.068594 0.097646 
11.704204 0.701532 0.069166 0.098593 
11.718118 0.700575 0.069743 0.099551 
11.732032 0.699610 0.070323 0.100518 
11.745946 0.698636 0.070908 0.101495 
11.759860 0.697655 0.071497 0.102481 
11.773774 0.696666 0.072090 0.103478 
11.787688 0.695668 0.072687 0.104485 
11.801602 0.694662 0.073289 0.105503 
11.815516 0.693648 0.073895 0.106531 
11.829429 0.692626 0.074505 0.107569 
11.843343 0.691595 0.075119 0.108617 
11.857257 0.690556 0.075738 0.109677 
11.871171 0.689508 0.076361 0.110747 
11.885085 0.688451 0.076988 0.111828 
11.898999 0.687386 0.077619 0.112920 
11.912913 0.686312 0.078255 0.114023 
11.926827 0.685229 0.078895 0.115137 
11.940741 0.684138 0.079540 0.116262 
11.954655 0.683037 0.080188 0.117399 
11.968569 0.681928 0.080841 0.118548 
11.982482 0.680810 0.081498 0.119708 
11.996396 0.679682 0.082160 0.120880 
12.010310 0.678546 0.082826 0.122063 
12.024224 0.677400 0.083496 0.123259 
12.038138 0.676245 0.084170 0.124467 
12.052052 0.675080 0.084849 0.125687 
12.065966 0.673907 0.085532 0.126919 
12.079880 0.672724 0.086219 0.128164 
12.093794 0.671531 0.086910 0.129421 
12.107708 0.670329 0.087606 0.130691 
12.121622 0.669117 0.088306 0.131974 
12.135536 0.667896 0.089011 0.133270 
12.149449 0.666665 0.089719 0.134579 
12.163363 0.665424 0.090432 0.135902 
12.177277 0.664173 0.091149 0.137237 
12.191191 0.662912 0.091871 0.138586 
12.205105 0.661642 0.092596 0.139949 
12.219019 0.660361 0.093326 0.141325 
12.232933 0.659070 0.094060 0.142716 
12.246847 0.657769 0.094798 0.144120 
12.260761 0.656458 0.095540 0.145539 
12.274675 0.655137 0.096287 0.146972 
12.288589 0.653806 0.097038 0.148420 
12.302503 0.652464 0.097792 0.149882 
12.316416 0.651111 0.098551 0.151359 
12.330330 0.649749 0.099314 0.152850 
12.344244 0.648375 0.100081 0.154357 
12.358158 0.646991 0.100853 0.155879 
12.372072 0.645597 0.101628 0.157417 
12.385986 0.644192 0.102407 0.158970 
12.399900 0.642776 0.103190 0.160539 
12.413814 0.641349 0.103978 0.162123 
12.427728 0.639911 0.104769 0.163724 
12.441642 0.638463 0.105564 0.165341 
12.455556 0.637003 0.106363 0.166974 
12.469469 0.635533 0.107166 0.168624 
12.483383 0.634051 0.107973 0.170291 
12.497297 0.632558 0.108784 0.171974 
12.511211 0.631054 0.109598 0.173675 
12.525125 0.629539 0.110416 0.175393 
12.539039 0.628013 0.111238 0.177128 
12.552953 0.626475 0.112064 0.178881 
12.566867 0.624926 0.112894 0.180651 
12.580781 0.623365 0.113727 0.182440 
12.594695 0.621793 0.114563 0.184247 
12.608609 0.620209 0.115404 0.186072 
12.622523 0.618614 0.116247 0.187916 
12.636436 0.617007 0.117095 0.189778 
12.650350 0.615389 0.117945 0.191660 
12.664264 0.613759 0.118799 0.193561 
12.678178 0.612116 0.119657 0.195481 
12.692092 0.610463 0.120518 0.197420 
12.706006 0.608797 0.121382 0.199380 
12.719920 0.607119 0.122249 0.201360 
12.733834 0.605430 0.123120 0.203360 
12.747748 0.603728 0.123994 0.205380 
12.761662 0.602014 0.124870 0.207421 
12.775576 0.600289 0.125750 0.209483 
12.789489 0.598551 0.126633 0.211566 
12.803403 0.596801 0.127519 0.213671 
12.817317 0.595039 0.128408 0.215797 
12.831231 0.593264 0.129299 0.217945 
12.845145 0.591477 0.130193 0.220116 
12.859059 0.589678 0.131090 0.222308 
12.872973 0.587867 0.131990 0.224524 
12.886887 0.586043 0.132892 0.226762 
12.900801 0.584207 0.133797 0.229023 
12.914715 0.582358 0.134704 0.231308 
12.928629 0.580497 0.135614 0.233617 
12.942543 0.578623 0.136526 0.235950 
12.956456 0.576737 0.137440 0.238306 
12.970370 0.574838 0.138356 0.240688 
12.984284 0.572926 0.139275 0.243094 
12.998198 0.571002 0.140196 0.245526 
13.012112 0.569065 0.141118 0.247983 
13.026026 0.567115 0.142043 0.250465 
13.039940 0.565153 0.142969 0.252974 
13.053854 0.563178 0.143897 0.255509 
13.067768 0.561190 0.144827 0.258071 
13.081682 0.559189 0.145758 0.260659 
13.095596 0.557176 0.146691 0.263275 
13.109510 0.555150 0.147625 0.265919 
13.123423 0.553110 0.148560 0.268591 
13.137337 0.551058 0.149497 0.271291 
13.151251 0.548993 0.150435 0.274020 
13.165165 0.546916 0.151374 0.276778 
13.179079 0.544825 0.152314 0.279565 
13.192993 0.542721 0.153255 0.282382 
13.206907 0.540604 0.154196 0.285230 
13.220821 0.538475 0.155139 0.288108 
13.234735 0.536332 0.156081 0.291016 
13.248649 0.534176 0.157025 0.293957 
13.262563 0.532008 0.157968 0.296929 
13.276476 0.529826 0.158912 0.299933 
13.290390 0.527632 0.159857 0.302970 
13.304304 0.525424 0.160801 0.306040 
13.318218 0.523203 0.161745 0.309143 
13.332132 0.520970 0.162689 0.312281 
13.346046 0.518723 0.163633 0.315453 
13.359960 0.516464 0.164576 0.318659 
13.373874 0.514191 0.165519 0.321901 
13.387788 0.511906 0.166461 0.325179 
13.401702 0.509608 0.167403 0.328493 
13.415616 0.507296 0.168343 0.331844 
13.429530 0.504972 0.169283 0.335233 
13.443443 0.502635 0.170222 0.338659 
13.457357 0.500285 0.171159 0.342123 
13.471271 0.497922 0.172095 0.345627 
13.485185 0.495546 0.173030 0.349170 
13.499099 0.493157 0.173963 0.352753 
13.513013 0.490755 0.174894 0.356377 
13.526927 0.488341 0.175823 0.360042 
13.540841 0.485914 0.176751 0.363749 
13.554755 0.483474 0.177676 0.367498 
13.568669 0.481021 0.178599 0.371291 
13.582583 0.478556 0.179519 0.375127 
13.596496 0.476078 0.180437 0.379008 
13.610410 0.473588 0.181353 0.382934 
13.624324 0.471084 0.182265 0.386906 
13.638238 0.468569 0.183175 0.390924 
13.652152 0.466041 0.184081 0.394990 
13.666066 0.463500 0.184984 0.399103 
13.679980 0.460947 0.185884 0.403265 
13.693894 0.458382 0.186780 0.407477 
13.707808 0.455804 0.187673 0.411740 
13.721722 0.453214 0.188561 0.416053 
13.735636 0.450612 0.189446 0.420418 
13.749550 0.447998 0.190326 0.424837 
13.763463 0.445372 0.191202 0.429309 
13.777377 0.442733 0.192073 0.433835 
13.791291 0.440083 0.192940 0.438418 
13.805205 0.437421 0.193802 0.443057 
13.819119 0.434747 0.194659 0.447753 
13.833033 0.432061 0.195511 0.452508 
13.846947 0.429363 0.196357 0.457322 
13.860861 0.426654 0.197198 0.462197 
13.874775 0.423934 0.198034 0.467134 
13.888689 0.421202 0.198863 0.472133 
13.902603 0.418458 0.199687 0.477197 
13.916517 0.415703 0.200504 0.482325 
13.930430 0.412937 0.201315 0.487520 
13.944344 0.410160 0.202120 0.492783 
13.958258 0.407372 0.202918 0.498114 
13.972172 0.404573 0.203709 0.503515 
13.986086 0.401763 0.204493 0.508988 
14.000000 0.398943 0.205270 0.514534 
