t Fq Fqsim h hest
0.100000 1.000000 1.000000 0.000000 0.000000 
0.200000 1.000000 1.000000 0.000000 0.000000 
0.300000 1.000000 1.000000 0.000000 0.000000 
0.400000 1.000000 1.000000 0.000001 0.000000 
0.500000 1.000000 1.000000 0.000001 0.000001 
0.600000 1.000000 1.000000 0.000003 0.000002 
0.700000 0.999999 0.999999 0.000005 0.000005 
0.800000 0.999999 0.999999 0.000008 0.000008 
0.900000 0.999998 0.999998 0.000013 0.000013 
1.000000 0.999996 0.999996 0.000020 0.000020 
1.100000 0.999994 0.999994 0.000029 0.000030 
1.200000 0.999990 0.999990 0.000042 0.000044 
1.300000 0.999985 0.999985 0.000057 0.000061 
1.400000 0.999978 0.999977 0.000077 0.000083 
1.500000 0.999969 0.999968 0.000102 0.000111 
1.600000 0.999958 0.999955 0.000132 0.000145 
1.700000 0.999943 0.999939 0.000168 0.000186 
1.800000 0.999924 0.999918 0.000211 0.000236 
1.900000 0.999900 0.999891 0.000262 0.000296 
2.000000 0.999871 0.999858 0.000322 0.000366 
2.100000 0.999836 0.999818 0.000391 0.000448 
2.200000 0.999793 0.999768 0.000471 0.000544 
2.300000 0.999741 0.999708 0.000562 0.000655 
2.400000 0.999680 0.999637 0.000667 0.000782 
2.500000 0.999608 0.999551 0.000785 0.000926 
2.600000 0.999523 0.999451 0.000918 0.001091 
2.700000 0.999424 0.999333 0.001068 0.001276 
2.800000 0.999309 0.999195 0.001235 0.001485 
2.900000 0.999176 0.999035 0.001421 0.001718 
3.000000 0.999024 0.998851 0.001628 0.001978 
3.100000 0.998850 0.998639 0.001856 0.002268 
3.200000 0.998652 0.998397 0.002107 0.002588 
3.300000 0.998428 0.998121 0.002383 0.002942 
3.400000 0.998176 0.997808 0.002685 0.003331 
3.500000 0.997891 0.997455 0.003015 0.003758 
3.600000 0.997573 0.997057 0.003375 0.004225 
3.700000 0.997217 0.996611 0.003766 0.004735 
3.800000 0.996821 0.996112 0.004190 0.005291 
3.900000 0.996381 0.995555 0.004649 0.005895 
4.000000 0.995893 0.994937 0.005144 0.006550 
4.100000 0.995355 0.994250 0.005678 0.007259 
4.200000 0.994762 0.993491 0.006253 0.008025 
4.300000 0.994109 0.992654 0.006870 0.008850 
4.400000 0.993394 0.991732 0.007531 0.009739 
4.500000 0.992612 0.990720 0.008240 0.010694 
4.600000 0.991757 0.989611 0.008997 0.011718 
4.700000 0.990825 0.988398 0.009805 0.012815 
4.800000 0.989812 0.987075 0.010667 0.013988 
4.900000 0.988712 0.985634 0.011584 0.015242 
5.000000 0.987520 0.984068 0.012559 0.016579 
5.100000 0.986230 0.982369 0.013594 0.018003 
5.200000 0.984837 0.980528 0.014692 0.019518 
5.300000 0.983334 0.978539 0.015855 0.021128 
5.400000 0.981716 0.976391 0.017086 0.022837 
5.500000 0.979977 0.974076 0.018387 0.024649 
5.600000 0.978110 0.971586 0.019761 0.026568 
5.700000 0.976109 0.968910 0.021211 0.028599 
5.800000 0.973967 0.966040 0.022739 0.030746 
5.900000 0.971678 0.962967 0.024348 0.033013 
6.000000 0.969233 0.959679 0.026042 0.035404 
6.100000 0.966627 0.956168 0.027822 0.037925 
6.200000 0.963852 0.952423 0.029691 0.040581 
6.300000 0.960901 0.948435 0.031654 0.043375 
6.400000 0.957766 0.944192 0.033712 0.046312 
6.500000 0.954441 0.939686 0.035869 0.049399 
6.600000 0.950917 0.934905 0.038128 0.052639 
6.700000 0.947187 0.929840 0.040491 0.056039 
6.800000 0.943244 0.924480 0.042963 0.059602 
6.900000 0.939080 0.918816 0.045547 0.063336 
7.000000 0.934687 0.912838 0.048245 0.067244 
7.100000 0.930058 0.906537 0.051062 0.071333 
7.200000 0.925186 0.899902 0.054000 0.075608 
7.300000 0.920064 0.892926 0.057063 0.080074 
7.400000 0.914684 0.885599 0.060255 0.084739 
7.500000 0.909039 0.877914 0.063578 0.089607 
7.600000 0.903122 0.869863 0.067038 0.094685 
7.700000 0.896928 0.861439 0.070636 0.099978 
7.800000 0.890449 0.852636 0.074378 0.105494 
7.900000 0.883680 0.843448 0.078266 0.111237 
8.000000 0.876615 0.833870 0.082305 0.117215 
8.100000 0.869249 0.823899 0.086498 0.123434 
8.200000 0.861576 0.813530 0.090849 0.129900 
8.300000 0.853593 0.802762 0.095362 0.136621 
8.400000 0.845295 0.791595 0.100042 0.143602 
8.500000 0.836679 0.780028 0.104891 0.150851 
8.600000 0.827742 0.768062 0.109915 0.158375 
8.700000 0.818482 0.755700 0.115117 0.166181 
8.800000 0.808897 0.742947 0.120502 0.174276 
8.900000 0.798987 0.729807 0.126073 0.182666 
9.000000 0.788751 0.716287 0.131836 0.191360 
9.100000 0.778190 0.702396 0.137794 0.200365 
9.200000 0.767306 0.688144 0.143951 0.209688 
9.300000 0.756100 0.673541 0.150313 0.219337 
9.400000 0.744577 0.658602 0.156883 0.229320 
9.500000 0.732739 0.643340 0.163666 0.239644 
9.600000 0.720594 0.627773 0.170667 0.250318 
9.700000 0.708145 0.611918 0.177890 0.261349 
9.800000 0.695402 0.595795 0.185340 0.272745 
9.900000 0.682371 0.579425 0.193021 0.284515 
10.000000 0.669063 0.562832 0.200939 0.296667 
10.100000 0.655487 0.546039 0.209098 0.309209 
10.200000 0.641654 0.529073 0.217503 0.322150 
10.300000 0.627579 0.511960 0.226158 0.335498 
10.400000 0.613273 0.494730 0.235070 0.349263 
10.500000 0.598751 0.477412 0.244242 0.363452 
10.600000 0.584030 0.460037 0.253681 0.378075 
10.700000 0.569126 0.442637 0.263390 0.393141 
10.800000 0.554056 0.425244 0.273375 0.408658 
10.900000 0.538839 0.407892 0.283641 0.424637 
11.000000 0.523495 0.390615 0.294194 0.441085 
11.100000 0.508044 0.373445 0.305039 0.458014 
11.200000 0.492507 0.356417 0.316181 0.475431 
11.300000 0.476907 0.339566 0.327625 0.493347 
11.400000 0.461266 0.322924 0.339378 0.511771 
11.500000 0.445606 0.306524 0.351443 0.530713 
11.600000 0.429953 0.290399 0.363828 0.550184 
11.700000 0.414329 0.274580 0.376537 0.570192 
11.800000 0.398759 0.259096 0.389576 0.590748 
11.900000 0.383268 0.243977 0.402950 0.611863 
12.000000 0.367879 0.229249 0.416667 0.633546 
12.100000 0.352619 0.214937 0.430730 0.655807 
12.200000 0.337511 0.201065 0.445147 0.678658 
12.300000 0.322579 0.187653 0.459922 0.702109 
12.400000 0.307846 0.174720 0.475062 0.726171 
12.500000 0.293337 0.162282 0.490573 0.750854 
12.600000 0.279073 0.150354 0.506461 0.776169 
12.700000 0.265076 0.138946 0.522731 0.802127 
12.800000 0.251367 0.128066 0.539391 0.828739 
12.900000 0.237966 0.117720 0.556445 0.856017 
13.000000 0.224890 0.107912 0.573901 0.883972 
13.100000 0.212158 0.098642 0.591765 0.912615 
13.200000 0.199786 0.089907 0.610042 0.941958 
13.300000 0.187787 0.081702 0.628739 0.972012 
13.400000 0.176176 0.074021 0.647863 1.002788 
13.500000 0.164963 0.066853 0.667419 1.034300 
13.600000 0.154159 0.060187 0.687416 1.066558 
13.700000 0.143771 0.054010 0.707858 1.099575 
13.800000 0.133807 0.048304 0.728753 1.133363 
13.900000 0.124270 0.043054 0.750107 1.167933 
14.000000 0.115164 0.038241 0.771926 1.203299 
14.100000 0.106491 0.033844 0.794219 1.239473 
14.200000 0.098249 0.029844 0.816991 1.276466 
14.300000 0.090436 0.026218 0.840249 1.314293 
14.400000 0.083049 0.022945 0.864000 1.352965 
14.500000 0.076083 0.020002 0.888251 1.392496 
14.600000 0.069531 0.017367 0.913009 1.432898 
14.700000 0.063384 0.015018 0.938281 1.474184 
14.800000 0.057633 0.012932 0.964075 1.516368 
14.900000 0.052268 0.011089 0.990396 1.559463 
15.000000 0.047276 0.009467 1.017253 1.603482 
